12 46 136
585 863 1
20 442 16
192 478 20
18 339 14
421 826 14
102 826 3
246 916 7
405 736 8
253 761 15
95 858 11
773 562 8
584 233 19
572 280
202 498
4 850
868 437
59 209
683 589
128 846
520 157
421 940
215 833
236 313
286 694
638 239
185 566
887 291
186 729
298 466
26 939
263 493
919 844
982 393
930 538
541 694
705 830
134 30
625 225
424 929
883 681
436 977
400 373
314 250
351 146
284 469
554 675
329 284
794 7
509 77
575 84
50 868
776 875
59 734
902 817
58 827
800 520
778 415
920 430
0 1 15 1

7 29 86
717 315 9
596 498 17
900 601 16
37 736 7
523 272 14
803 568 16
470 451 7
452 626
740 535
359 120
244 991
301 648
922 366
1 159
872 373
184 407
318 41
665 897
189 961
156 34
648 1000
429 604
267 772
843 327
57 487
670 679
235 690
849 397
467 12
915 231
759 727
908 498
23 778
103 382
92 632
913 690
0 1 15 1

4 15 44
771 173 13
564 47 7
709 510 7
269 834 17
988 548
161 95
1 725
516 291
96 423
544 565
157 474
815 22
407 642
363 949
960 898
627 864
748 1000
744 794
207 485
0 1 15 1

15 45 132
979 593 19
72 469 4
81 600 3
998 813 1
144 275 10
601 419 7
638 210 18
604 780 18
965 221 2
171 907 9
132 678 14
864 982 13
299 721 6
82 616 8
283 834 0
90 980
367 136
570 509
110 258
287 699
234 505
743 749
372 582
831 810
595 598
607 122
39 798
444 857
79 468
741 818
306 524
405 303
127 8
646 572
967 519
587 294
815 223
602 742
338 719
826 727
302 910
758 580
858 993
421 809
957 161
90 72
205 162
25 119
280 217
158 125
744 97
870 665
779 518
954 148
818 863
995 801
785 743
736 908
38 520
9 863
0 1 15 1

7 16 45
137 570 9
224 707 3
606 104 1
598 57 9
908 407 6
590 984 5
459 573 12
293 156
105 284
678 154
94 268
623 999
721 153
61 88
931 499
796 225
623 982
244 535
925 84
283 419
539 665
838 145
810 293
0 1 15 1

6 11 32
44 7 3
992 75 4
419 417 8
624 799 7
89 413 0
398 75 10
823 47
468 65
902 474
106 993
997 628
778 534
583 826
367 458
215 499
418 372
628 730
0 1 15 1

13 55 162
903 517 15
565 519 17
476 729 6
608 564 15
766 176 17
857 469 15
473 975 17
668 599 1
128 195 20
333 512 2
235 676 13
989 496 7
235 365 17
311 850
473 632
485 402
927 913
90 412
21 810
960 552
212 284
843 349
732 516
863 129
926 836
243 73
372 308
64 874
802 841
658 542
701 131
594 558
200 979
244 733
562 737
549 323
290 168
271 549
221 906
564 82
977 511
238 405
103 591
575 289
130 161
858 358
523 934
306 742
236 933
521 44
628 89
848 465
427 685
901 430
414 359
363 13
853 525
250 842
161 629
311 844
198 789
385 379
476 0
574 720
893 522
194 917
192 327
103 794
0 1 15 1

9 29 86
347 832 7
970 211 6
593 366 1
53 963 7
97 166 12
535 420 16
884 444 10
194 544 11
886 537 16
405 620
134 637
261 510
940 308
348 967
70 206
200 797
956 456
182 443
887 426
274 306
661 510
152 840
581 376
474 995
69 758
529 622
809 897
996 208
800 865
707 272
683 856
899 967
480 771
6 783
764 47
793 771
383 815
2 197
0 1 15 1

1 6 17
927 642 17
269 451
152 920
454 472
51 613
19 301
740 575
0 1 15 1

5 24 69
552 578 13
678 649 8
863 688 18
942 938 17
330 17 13
14 756
672 653
940 34
357 741
105 705
268 872
478 340
205 7
854 26
310 730
608 188
971 31
778 348
169 542
56 70
527 799
437 239
287 396
561 606
20 966
9 347
808 273
428 62
370 814
0 1 15 1

2 7 20
73 213 9
903 295 11
894 890
655 455
223 48
966 17
654 30
333 152
380 497
0 1 15 1

6 22 65
589 781 17
681 595 10
732 784 6
237 398 2
41 770 10
384 326 20
153 393
376 957
555 988
442 64
757 512
457 538
309 883
381 649
425 542
488 422
245 883
98 362
732 140
911 86
734 925
200 632
479 24
229 702
238 102
714 419
1000 723
58 726
0 1 15 1

4 17 49
779 70 17
622 95 15
792 491 0
77 372 17
903 518
877 989
666 502
470 948
331 111
163 178
32 633
767 350
765 354
385 959
961 386
255 347
552 42
347 452
823 597
567 328
997 51
0 1 15 1

8 26 76
224 343 7
563 870 10
373 763 15
269 584 2
729 662 1
913 80 12
210 614 9
649 375 20
466 787
151 694
194 975
296 322
83 948
389 364
827 717
911 775
358 611
65 446
858 180
530 805
2 138
298 688
574 429
546 715
948 588
292 337
541 31
813 700
539 127
908 797
591 212
365 853
801 228
693 215
0 1 15 1

8 27 78
347 689 0
939 901 1
175 576 14
844 893 16
884 773 16
360 406 14
623 924 10
758 311 7
446 919
345 883
111 71
216 461
17 843
886 532
642 882
606 285
679 598
523 790
398 462
756 272
797 570
17 694
38 5
856 244
403 804
29 392
943 864
552 137
685 778
600 11
362 539
474 446
315 13
71 488
745 870
0 1 15 1

15 38 111
643 966 18
954 95 15
161 894 5
217 58 1
716 91 2
77 161 5
598 465 16
560 968 10
83 140 5
149 25 4
588 43 13
621 396 5
364 998 1
125 286 3
145 587 8
238 619
65 327
765 1
523 253
352 361
763 117
367 648
304 426
407 43
221 862
336 418
843 524
555 742
8 837
589 33
169 188
494 462
703 129
613 700
870 899
895 273
841 20
225 327
445 486
535 770
509 242
476 991
61 96
587 32
699 966
952 734
286 693
695 857
94 122
60 977
223 546
833 591
720 186
0 1 15 1

11 38 113
368 89 2
4 110 12
297 726 9
805 589 18
211 499 13
841 973 5
4 963 15
116 29 17
852 286 19
566 832 3
238 635 0
223 962
621 902
988 665
369 335
589 799
693 423
686 43
446 836
566 766
234 75
565 223
208 627
455 955
519 104
415 933
33 224
160 123
575 192
320 940
661 619
555 781
824 836
587 53
482 488
124 695
804 664
15 630
907 577
960 47
779 163
354 286
326 303
885 81
368 184
144 495
392 411
100 696
598 737
0 1 15 1

4 9 26
217 285 7
340 588 11
291 132 3
355 943 5
43 499
695 383
737 684
323 986
414 558
809 978
129 480
9 731
96 547
0 1 15 1

15 47 139
558 171 16
805 946 0
843 264 2
428 602 12
120 796 16
97 374 6
124 284 5
139 960 17
621 974 8
977 962 9
984 507 1
494 761 6
153 138 18
715 675 17
622 103 6
834 53
983 976
709 951
811 182
453 517
179 703
771 179
361 571
200 293
813 353
37 407
171 777
502 817
896 955
126 164
672 219
784 206
459 368
55 934
988 251
937 764
6 914
482 299
971 945
170 923
201 387
867 556
417 703
56 980
198 44
305 70
102 363
732 7
855 497
994 491
502 180
13 390
414 141
550 451
7 352
53 392
878 360
458 475
882 560
546 897
29 319
36 965
0 1 15 1

9 39 114
628 464 8
587 324 19
594 652 1
891 916 20
984 629 12
628 18 9
845 224 13
250 664 20
401 86 12
478 394
992 536
368 154
265 612
965 51
831 490
508 882
224 938
962 329
120 998
127 862
248 951
382 504
31 61
998 177
466 905
875 807
455 853
651 787
145 137
327 232
925 860
691 633
347 911
175 4
238 342
843 54
365 590
433 812
847 5
206 911
115 947
377 570
472 870
819 600
598 910
851 373
237 467
980 593
0 1 15 1

4 9 26
141 964 20
950 355 2
543 657 3
267 949 1
5 407
1 443
882 500
491 470
130 216
389 599
197 891
971 968
810 847
0 1 15 1

9 34 101
279 536 18
458 242 6
128 391 20
610 413 3
674 626 15
490 999 3
744 624 17
61 889 8
68 287 11
274 521
51 900
358 805
173 62
833 756
358 307
803 622
360 217
792 373
356 273
153 911
778 381
313 68
251 933
23 620
857 609
928 897
289 987
208 803
817 493
200 596
365 913
105 221
429 73
76 209
408 38
54 524
985 437
121 583
506 183
436 202
764 976
716 515
136 716
0 1 15 1

6 27 79
304 290 16
695 960 6
25 823 12
534 292 20
273 199 7
373 798 18
110 42
637 368
600 278
383 733
323 559
98 530
65 1
800 720
781 237
231 30
205 90
763 701
619 667
844 67
742 957
998 591
83 803
486 815
19 316
182 877
289 89
290 113
431 539
771 160
13 322
577 967
525 255
0 1 15 1

2 6 16
338 866 2
353 737 14
434 275
927 513
749 132
844 271
505 381
601 559
0 1 15 1

9 33 98
914 175 10
970 754 11
492 256 9
829 723 19
358 942 3
245 58 17
808 517 15
385 529 8
693 895 6
804 119
808 298
45 5
429 680
21 824
647 331
976 646
111 739
560 599
638 56
301 79
941 633
378 267
824 120
431 256
127 554
639 703
145 671
968 711
169 728
106 500
317 753
91 115
15 622
211 6
239 664
896 401
797 473
754 249
285 595
355 190
223 228
278 573
0 1 15 1

14 46 137
917 324 8
750 155 2
435 201 9
882 891 8
187 915 14
346 945 15
429 229 16
28 278 10
109 833 1
549 351 4
152 241 15
583 657 7
71 498 17
450 148 11
248 404
159 665
688 813
272 530
145 795
541 662
600 931
548 608
253 957
897 807
995 844
792 657
1000 836
257 407
724 664
118 822
592 538
481 396
256 444
65 808
296 470
409 227
498 288
513 16
150 686
826 876
820 773
342 143
20 496
408 452
256 301
306 956
441 423
220 332
936 252
460 482
370 162
128 325
503 383
31 677
940 640
277 163
494 43
663 542
257 883
328 674
0 1 15 1

1 3 6
915 226 6
248 471
494 553
461 606
0 1 15 1

3 12 33
932 423 8
716 940 10
690 469 15
264 466
42 706
583 605
823 643
821 348
927 101
851 336
550 563
267 663
760 243
442 269
563 615
0 1 15 1

6 24 71
735 431 8
188 336 12
393 56 14
364 624 16
613 403 4
415 296 17
450 755
4 78
357 703
613 337
33 127
18 423
10 170
411 47
645 407
996 501
755 149
326 583
204 978
379 68
358 49
413 210
543 104
410 599
303 881
429 459
567 623
991 419
266 17
663 250
0 1 15 1

5 17 48
350 19 12
115 38 13
798 651 4
692 12 2
25 646 17
955 954
180 407
111 286
917 810
314 629
181 219
355 383
163 413
308 538
234 554
509 454
475 53
473 817
226 139
612 287
730 78
650 14
0 1 15 1

12 46 136
585 863 1
20 442 16
192 478 20
18 339 14
421 826 14
102 826 3
246 916 7
405 736 8
253 761 15
95 858 11
773 562 8
584 233 19
572 280
202 498
4 850
868 437
59 209
683 589
128 846
520 157
421 940
215 833
236 313
286 694
638 239
185 566
887 291
186 729
298 466
26 939
263 493
919 844
982 393
930 538
541 694
705 830
134 30
625 225
424 929
883 681
436 977
400 373
314 250
351 146
284 469
554 675
329 284
794 7
509 77
575 84
50 868
776 875
59 734
902 817
58 827
800 520
778 415
920 430
0 1 15 2

7 29 86
717 315 9
596 498 17
900 601 16
37 736 7
523 272 14
803 568 16
470 451 7
452 626
740 535
359 120
244 991
301 648
922 366
1 159
872 373
184 407
318 41
665 897
189 961
156 34
648 1000
429 604
267 772
843 327
57 487
670 679
235 690
849 397
467 12
915 231
759 727
908 498
23 778
103 382
92 632
913 690
0 1 15 2

4 15 44
771 173 13
564 47 7
709 510 7
269 834 17
988 548
161 95
1 725
516 291
96 423
544 565
157 474
815 22
407 642
363 949
960 898
627 864
748 1000
744 794
207 485
0 1 15 2

15 45 132
979 593 19
72 469 4
81 600 3
998 813 1
144 275 10
601 419 7
638 210 18
604 780 18
965 221 2
171 907 9
132 678 14
864 982 13
299 721 6
82 616 8
283 834 0
90 980
367 136
570 509
110 258
287 699
234 505
743 749
372 582
831 810
595 598
607 122
39 798
444 857
79 468
741 818
306 524
405 303
127 8
646 572
967 519
587 294
815 223
602 742
338 719
826 727
302 910
758 580
858 993
421 809
957 161
90 72
205 162
25 119
280 217
158 125
744 97
870 665
779 518
954 148
818 863
995 801
785 743
736 908
38 520
9 863
0 1 15 2

7 16 45
137 570 9
224 707 3
606 104 1
598 57 9
908 407 6
590 984 5
459 573 12
293 156
105 284
678 154
94 268
623 999
721 153
61 88
931 499
796 225
623 982
244 535
925 84
283 419
539 665
838 145
810 293
0 1 15 2

6 11 32
44 7 3
992 75 4
419 417 8
624 799 7
89 413 0
398 75 10
823 47
468 65
902 474
106 993
997 628
778 534
583 826
367 458
215 499
418 372
628 730
0 1 15 2

13 55 162
903 517 15
565 519 17
476 729 6
608 564 15
766 176 17
857 469 15
473 975 17
668 599 1
128 195 20
333 512 2
235 676 13
989 496 7
235 365 17
311 850
473 632
485 402
927 913
90 412
21 810
960 552
212 284
843 349
732 516
863 129
926 836
243 73
372 308
64 874
802 841
658 542
701 131
594 558
200 979
244 733
562 737
549 323
290 168
271 549
221 906
564 82
977 511
238 405
103 591
575 289
130 161
858 358
523 934
306 742
236 933
521 44
628 89
848 465
427 685
901 430
414 359
363 13
853 525
250 842
161 629
311 844
198 789
385 379
476 0
574 720
893 522
194 917
192 327
103 794
0 1 15 2

9 29 86
347 832 7
970 211 6
593 366 1
53 963 7
97 166 12
535 420 16
884 444 10
194 544 11
886 537 16
405 620
134 637
261 510
940 308
348 967
70 206
200 797
956 456
182 443
887 426
274 306
661 510
152 840
581 376
474 995
69 758
529 622
809 897
996 208
800 865
707 272
683 856
899 967
480 771
6 783
764 47
793 771
383 815
2 197
0 1 15 2

1 6 17
927 642 17
269 451
152 920
454 472
51 613
19 301
740 575
0 1 15 2

5 24 69
552 578 13
678 649 8
863 688 18
942 938 17
330 17 13
14 756
672 653
940 34
357 741
105 705
268 872
478 340
205 7
854 26
310 730
608 188
971 31
778 348
169 542
56 70
527 799
437 239
287 396
561 606
20 966
9 347
808 273
428 62
370 814
0 1 15 2

2 7 20
73 213 9
903 295 11
894 890
655 455
223 48
966 17
654 30
333 152
380 497
0 1 15 2

6 22 65
589 781 17
681 595 10
732 784 6
237 398 2
41 770 10
384 326 20
153 393
376 957
555 988
442 64
757 512
457 538
309 883
381 649
425 542
488 422
245 883
98 362
732 140
911 86
734 925
200 632
479 24
229 702
238 102
714 419
1000 723
58 726
0 1 15 2

4 17 49
779 70 17
622 95 15
792 491 0
77 372 17
903 518
877 989
666 502
470 948
331 111
163 178
32 633
767 350
765 354
385 959
961 386
255 347
552 42
347 452
823 597
567 328
997 51
0 1 15 2

8 26 76
224 343 7
563 870 10
373 763 15
269 584 2
729 662 1
913 80 12
210 614 9
649 375 20
466 787
151 694
194 975
296 322
83 948
389 364
827 717
911 775
358 611
65 446
858 180
530 805
2 138
298 688
574 429
546 715
948 588
292 337
541 31
813 700
539 127
908 797
591 212
365 853
801 228
693 215
0 1 15 2

8 27 78
347 689 0
939 901 1
175 576 14
844 893 16
884 773 16
360 406 14
623 924 10
758 311 7
446 919
345 883
111 71
216 461
17 843
886 532
642 882
606 285
679 598
523 790
398 462
756 272
797 570
17 694
38 5
856 244
403 804
29 392
943 864
552 137
685 778
600 11
362 539
474 446
315 13
71 488
745 870
0 1 15 2

15 38 111
643 966 18
954 95 15
161 894 5
217 58 1
716 91 2
77 161 5
598 465 16
560 968 10
83 140 5
149 25 4
588 43 13
621 396 5
364 998 1
125 286 3
145 587 8
238 619
65 327
765 1
523 253
352 361
763 117
367 648
304 426
407 43
221 862
336 418
843 524
555 742
8 837
589 33
169 188
494 462
703 129
613 700
870 899
895 273
841 20
225 327
445 486
535 770
509 242
476 991
61 96
587 32
699 966
952 734
286 693
695 857
94 122
60 977
223 546
833 591
720 186
0 1 15 2

11 38 113
368 89 2
4 110 12
297 726 9
805 589 18
211 499 13
841 973 5
4 963 15
116 29 17
852 286 19
566 832 3
238 635 0
223 962
621 902
988 665
369 335
589 799
693 423
686 43
446 836
566 766
234 75
565 223
208 627
455 955
519 104
415 933
33 224
160 123
575 192
320 940
661 619
555 781
824 836
587 53
482 488
124 695
804 664
15 630
907 577
960 47
779 163
354 286
326 303
885 81
368 184
144 495
392 411
100 696
598 737
0 1 15 2

4 9 26
217 285 7
340 588 11
291 132 3
355 943 5
43 499
695 383
737 684
323 986
414 558
809 978
129 480
9 731
96 547
0 1 15 2

15 47 139
558 171 16
805 946 0
843 264 2
428 602 12
120 796 16
97 374 6
124 284 5
139 960 17
621 974 8
977 962 9
984 507 1
494 761 6
153 138 18
715 675 17
622 103 6
834 53
983 976
709 951
811 182
453 517
179 703
771 179
361 571
200 293
813 353
37 407
171 777
502 817
896 955
126 164
672 219
784 206
459 368
55 934
988 251
937 764
6 914
482 299
971 945
170 923
201 387
867 556
417 703
56 980
198 44
305 70
102 363
732 7
855 497
994 491
502 180
13 390
414 141
550 451
7 352
53 392
878 360
458 475
882 560
546 897
29 319
36 965
0 1 15 2

9 39 114
628 464 8
587 324 19
594 652 1
891 916 20
984 629 12
628 18 9
845 224 13
250 664 20
401 86 12
478 394
992 536
368 154
265 612
965 51
831 490
508 882
224 938
962 329
120 998
127 862
248 951
382 504
31 61
998 177
466 905
875 807
455 853
651 787
145 137
327 232
925 860
691 633
347 911
175 4
238 342
843 54
365 590
433 812
847 5
206 911
115 947
377 570
472 870
819 600
598 910
851 373
237 467
980 593
0 1 15 2

4 9 26
141 964 20
950 355 2
543 657 3
267 949 1
5 407
1 443
882 500
491 470
130 216
389 599
197 891
971 968
810 847
0 1 15 2

9 34 101
279 536 18
458 242 6
128 391 20
610 413 3
674 626 15
490 999 3
744 624 17
61 889 8
68 287 11
274 521
51 900
358 805
173 62
833 756
358 307
803 622
360 217
792 373
356 273
153 911
778 381
313 68
251 933
23 620
857 609
928 897
289 987
208 803
817 493
200 596
365 913
105 221
429 73
76 209
408 38
54 524
985 437
121 583
506 183
436 202
764 976
716 515
136 716
0 1 15 2

6 27 79
304 290 16
695 960 6
25 823 12
534 292 20
273 199 7
373 798 18
110 42
637 368
600 278
383 733
323 559
98 530
65 1
800 720
781 237
231 30
205 90
763 701
619 667
844 67
742 957
998 591
83 803
486 815
19 316
182 877
289 89
290 113
431 539
771 160
13 322
577 967
525 255
0 1 15 2

2 6 16
338 866 2
353 737 14
434 275
927 513
749 132
844 271
505 381
601 559
0 1 15 2

9 33 98
914 175 10
970 754 11
492 256 9
829 723 19
358 942 3
245 58 17
808 517 15
385 529 8
693 895 6
804 119
808 298
45 5
429 680
21 824
647 331
976 646
111 739
560 599
638 56
301 79
941 633
378 267
824 120
431 256
127 554
639 703
145 671
968 711
169 728
106 500
317 753
91 115
15 622
211 6
239 664
896 401
797 473
754 249
285 595
355 190
223 228
278 573
0 1 15 2

14 46 137
917 324 8
750 155 2
435 201 9
882 891 8
187 915 14
346 945 15
429 229 16
28 278 10
109 833 1
549 351 4
152 241 15
583 657 7
71 498 17
450 148 11
248 404
159 665
688 813
272 530
145 795
541 662
600 931
548 608
253 957
897 807
995 844
792 657
1000 836
257 407
724 664
118 822
592 538
481 396
256 444
65 808
296 470
409 227
498 288
513 16
150 686
826 876
820 773
342 143
20 496
408 452
256 301
306 956
441 423
220 332
936 252
460 482
370 162
128 325
503 383
31 677
940 640
277 163
494 43
663 542
257 883
328 674
0 1 15 2

1 3 6
915 226 6
248 471
494 553
461 606
0 1 15 2

3 12 33
932 423 8
716 940 10
690 469 15
264 466
42 706
583 605
823 643
821 348
927 101
851 336
550 563
267 663
760 243
442 269
563 615
0 1 15 2

6 24 71
735 431 8
188 336 12
393 56 14
364 624 16
613 403 4
415 296 17
450 755
4 78
357 703
613 337
33 127
18 423
10 170
411 47
645 407
996 501
755 149
326 583
204 978
379 68
358 49
413 210
543 104
410 599
303 881
429 459
567 623
991 419
266 17
663 250
0 1 15 2

5 17 48
350 19 12
115 38 13
798 651 4
692 12 2
25 646 17
955 954
180 407
111 286
917 810
314 629
181 219
355 383
163 413
308 538
234 554
509 454
475 53
473 817
226 139
612 287
730 78
650 14
0 1 15 2

12 46 136
585 863 1
20 442 16
192 478 20
18 339 14
421 826 14
102 826 3
246 916 7
405 736 8
253 761 15
95 858 11
773 562 8
584 233 19
572 280
202 498
4 850
868 437
59 209
683 589
128 846
520 157
421 940
215 833
236 313
286 694
638 239
185 566
887 291
186 729
298 466
26 939
263 493
919 844
982 393
930 538
541 694
705 830
134 30
625 225
424 929
883 681
436 977
400 373
314 250
351 146
284 469
554 675
329 284
794 7
509 77
575 84
50 868
776 875
59 734
902 817
58 827
800 520
778 415
920 430
0 2 15 1

7 29 86
717 315 9
596 498 17
900 601 16
37 736 7
523 272 14
803 568 16
470 451 7
452 626
740 535
359 120
244 991
301 648
922 366
1 159
872 373
184 407
318 41
665 897
189 961
156 34
648 1000
429 604
267 772
843 327
57 487
670 679
235 690
849 397
467 12
915 231
759 727
908 498
23 778
103 382
92 632
913 690
0 2 15 1

4 15 44
771 173 13
564 47 7
709 510 7
269 834 17
988 548
161 95
1 725
516 291
96 423
544 565
157 474
815 22
407 642
363 949
960 898
627 864
748 1000
744 794
207 485
0 2 15 1

15 45 132
979 593 19
72 469 4
81 600 3
998 813 1
144 275 10
601 419 7
638 210 18
604 780 18
965 221 2
171 907 9
132 678 14
864 982 13
299 721 6
82 616 8
283 834 0
90 980
367 136
570 509
110 258
287 699
234 505
743 749
372 582
831 810
595 598
607 122
39 798
444 857
79 468
741 818
306 524
405 303
127 8
646 572
967 519
587 294
815 223
602 742
338 719
826 727
302 910
758 580
858 993
421 809
957 161
90 72
205 162
25 119
280 217
158 125
744 97
870 665
779 518
954 148
818 863
995 801
785 743
736 908
38 520
9 863
0 2 15 1

7 16 45
137 570 9
224 707 3
606 104 1
598 57 9
908 407 6
590 984 5
459 573 12
293 156
105 284
678 154
94 268
623 999
721 153
61 88
931 499
796 225
623 982
244 535
925 84
283 419
539 665
838 145
810 293
0 2 15 1

6 11 32
44 7 3
992 75 4
419 417 8
624 799 7
89 413 0
398 75 10
823 47
468 65
902 474
106 993
997 628
778 534
583 826
367 458
215 499
418 372
628 730
0 2 15 1

13 55 162
903 517 15
565 519 17
476 729 6
608 564 15
766 176 17
857 469 15
473 975 17
668 599 1
128 195 20
333 512 2
235 676 13
989 496 7
235 365 17
311 850
473 632
485 402
927 913
90 412
21 810
960 552
212 284
843 349
732 516
863 129
926 836
243 73
372 308
64 874
802 841
658 542
701 131
594 558
200 979
244 733
562 737
549 323
290 168
271 549
221 906
564 82
977 511
238 405
103 591
575 289
130 161
858 358
523 934
306 742
236 933
521 44
628 89
848 465
427 685
901 430
414 359
363 13
853 525
250 842
161 629
311 844
198 789
385 379
476 0
574 720
893 522
194 917
192 327
103 794
0 2 15 1

9 29 86
347 832 7
970 211 6
593 366 1
53 963 7
97 166 12
535 420 16
884 444 10
194 544 11
886 537 16
405 620
134 637
261 510
940 308
348 967
70 206
200 797
956 456
182 443
887 426
274 306
661 510
152 840
581 376
474 995
69 758
529 622
809 897
996 208
800 865
707 272
683 856
899 967
480 771
6 783
764 47
793 771
383 815
2 197
0 2 15 1

1 6 17
927 642 17
269 451
152 920
454 472
51 613
19 301
740 575
0 2 15 1

5 24 69
552 578 13
678 649 8
863 688 18
942 938 17
330 17 13
14 756
672 653
940 34
357 741
105 705
268 872
478 340
205 7
854 26
310 730
608 188
971 31
778 348
169 542
56 70
527 799
437 239
287 396
561 606
20 966
9 347
808 273
428 62
370 814
0 2 15 1

2 7 20
73 213 9
903 295 11
894 890
655 455
223 48
966 17
654 30
333 152
380 497
0 2 15 1

6 22 65
589 781 17
681 595 10
732 784 6
237 398 2
41 770 10
384 326 20
153 393
376 957
555 988
442 64
757 512
457 538
309 883
381 649
425 542
488 422
245 883
98 362
732 140
911 86
734 925
200 632
479 24
229 702
238 102
714 419
1000 723
58 726
0 2 15 1

4 17 49
779 70 17
622 95 15
792 491 0
77 372 17
903 518
877 989
666 502
470 948
331 111
163 178
32 633
767 350
765 354
385 959
961 386
255 347
552 42
347 452
823 597
567 328
997 51
0 2 15 1

8 26 76
224 343 7
563 870 10
373 763 15
269 584 2
729 662 1
913 80 12
210 614 9
649 375 20
466 787
151 694
194 975
296 322
83 948
389 364
827 717
911 775
358 611
65 446
858 180
530 805
2 138
298 688
574 429
546 715
948 588
292 337
541 31
813 700
539 127
908 797
591 212
365 853
801 228
693 215
0 2 15 1

8 27 78
347 689 0
939 901 1
175 576 14
844 893 16
884 773 16
360 406 14
623 924 10
758 311 7
446 919
345 883
111 71
216 461
17 843
886 532
642 882
606 285
679 598
523 790
398 462
756 272
797 570
17 694
38 5
856 244
403 804
29 392
943 864
552 137
685 778
600 11
362 539
474 446
315 13
71 488
745 870
0 2 15 1

15 38 111
643 966 18
954 95 15
161 894 5
217 58 1
716 91 2
77 161 5
598 465 16
560 968 10
83 140 5
149 25 4
588 43 13
621 396 5
364 998 1
125 286 3
145 587 8
238 619
65 327
765 1
523 253
352 361
763 117
367 648
304 426
407 43
221 862
336 418
843 524
555 742
8 837
589 33
169 188
494 462
703 129
613 700
870 899
895 273
841 20
225 327
445 486
535 770
509 242
476 991
61 96
587 32
699 966
952 734
286 693
695 857
94 122
60 977
223 546
833 591
720 186
0 2 15 1

11 38 113
368 89 2
4 110 12
297 726 9
805 589 18
211 499 13
841 973 5
4 963 15
116 29 17
852 286 19
566 832 3
238 635 0
223 962
621 902
988 665
369 335
589 799
693 423
686 43
446 836
566 766
234 75
565 223
208 627
455 955
519 104
415 933
33 224
160 123
575 192
320 940
661 619
555 781
824 836
587 53
482 488
124 695
804 664
15 630
907 577
960 47
779 163
354 286
326 303
885 81
368 184
144 495
392 411
100 696
598 737
0 2 15 1

4 9 26
217 285 7
340 588 11
291 132 3
355 943 5
43 499
695 383
737 684
323 986
414 558
809 978
129 480
9 731
96 547
0 2 15 1

15 47 139
558 171 16
805 946 0
843 264 2
428 602 12
120 796 16
97 374 6
124 284 5
139 960 17
621 974 8
977 962 9
984 507 1
494 761 6
153 138 18
715 675 17
622 103 6
834 53
983 976
709 951
811 182
453 517
179 703
771 179
361 571
200 293
813 353
37 407
171 777
502 817
896 955
126 164
672 219
784 206
459 368
55 934
988 251
937 764
6 914
482 299
971 945
170 923
201 387
867 556
417 703
56 980
198 44
305 70
102 363
732 7
855 497
994 491
502 180
13 390
414 141
550 451
7 352
53 392
878 360
458 475
882 560
546 897
29 319
36 965
0 2 15 1

9 39 114
628 464 8
587 324 19
594 652 1
891 916 20
984 629 12
628 18 9
845 224 13
250 664 20
401 86 12
478 394
992 536
368 154
265 612
965 51
831 490
508 882
224 938
962 329
120 998
127 862
248 951
382 504
31 61
998 177
466 905
875 807
455 853
651 787
145 137
327 232
925 860
691 633
347 911
175 4
238 342
843 54
365 590
433 812
847 5
206 911
115 947
377 570
472 870
819 600
598 910
851 373
237 467
980 593
0 2 15 1

4 9 26
141 964 20
950 355 2
543 657 3
267 949 1
5 407
1 443
882 500
491 470
130 216
389 599
197 891
971 968
810 847
0 2 15 1

9 34 101
279 536 18
458 242 6
128 391 20
610 413 3
674 626 15
490 999 3
744 624 17
61 889 8
68 287 11
274 521
51 900
358 805
173 62
833 756
358 307
803 622
360 217
792 373
356 273
153 911
778 381
313 68
251 933
23 620
857 609
928 897
289 987
208 803
817 493
200 596
365 913
105 221
429 73
76 209
408 38
54 524
985 437
121 583
506 183
436 202
764 976
716 515
136 716
0 2 15 1

6 27 79
304 290 16
695 960 6
25 823 12
534 292 20
273 199 7
373 798 18
110 42
637 368
600 278
383 733
323 559
98 530
65 1
800 720
781 237
231 30
205 90
763 701
619 667
844 67
742 957
998 591
83 803
486 815
19 316
182 877
289 89
290 113
431 539
771 160
13 322
577 967
525 255
0 2 15 1

2 6 16
338 866 2
353 737 14
434 275
927 513
749 132
844 271
505 381
601 559
0 2 15 1

9 33 98
914 175 10
970 754 11
492 256 9
829 723 19
358 942 3
245 58 17
808 517 15
385 529 8
693 895 6
804 119
808 298
45 5
429 680
21 824
647 331
976 646
111 739
560 599
638 56
301 79
941 633
378 267
824 120
431 256
127 554
639 703
145 671
968 711
169 728
106 500
317 753
91 115
15 622
211 6
239 664
896 401
797 473
754 249
285 595
355 190
223 228
278 573
0 2 15 1

14 46 137
917 324 8
750 155 2
435 201 9
882 891 8
187 915 14
346 945 15
429 229 16
28 278 10
109 833 1
549 351 4
152 241 15
583 657 7
71 498 17
450 148 11
248 404
159 665
688 813
272 530
145 795
541 662
600 931
548 608
253 957
897 807
995 844
792 657
1000 836
257 407
724 664
118 822
592 538
481 396
256 444
65 808
296 470
409 227
498 288
513 16
150 686
826 876
820 773
342 143
20 496
408 452
256 301
306 956
441 423
220 332
936 252
460 482
370 162
128 325
503 383
31 677
940 640
277 163
494 43
663 542
257 883
328 674
0 2 15 1

1 3 6
915 226 6
248 471
494 553
461 606
0 2 15 1

3 12 33
932 423 8
716 940 10
690 469 15
264 466
42 706
583 605
823 643
821 348
927 101
851 336
550 563
267 663
760 243
442 269
563 615
0 2 15 1

6 24 71
735 431 8
188 336 12
393 56 14
364 624 16
613 403 4
415 296 17
450 755
4 78
357 703
613 337
33 127
18 423
10 170
411 47
645 407
996 501
755 149
326 583
204 978
379 68
358 49
413 210
543 104
410 599
303 881
429 459
567 623
991 419
266 17
663 250
0 2 15 1

5 17 48
350 19 12
115 38 13
798 651 4
692 12 2
25 646 17
955 954
180 407
111 286
917 810
314 629
181 219
355 383
163 413
308 538
234 554
509 454
475 53
473 817
226 139
612 287
730 78
650 14
0 2 15 1

12 46 136
585 863 1
20 442 16
192 478 20
18 339 14
421 826 14
102 826 3
246 916 7
405 736 8
253 761 15
95 858 11
773 562 8
584 233 19
572 280
202 498
4 850
868 437
59 209
683 589
128 846
520 157
421 940
215 833
236 313
286 694
638 239
185 566
887 291
186 729
298 466
26 939
263 493
919 844
982 393
930 538
541 694
705 830
134 30
625 225
424 929
883 681
436 977
400 373
314 250
351 146
284 469
554 675
329 284
794 7
509 77
575 84
50 868
776 875
59 734
902 817
58 827
800 520
778 415
920 430
0 2 15 2

7 29 86
717 315 9
596 498 17
900 601 16
37 736 7
523 272 14
803 568 16
470 451 7
452 626
740 535
359 120
244 991
301 648
922 366
1 159
872 373
184 407
318 41
665 897
189 961
156 34
648 1000
429 604
267 772
843 327
57 487
670 679
235 690
849 397
467 12
915 231
759 727
908 498
23 778
103 382
92 632
913 690
0 2 15 2

4 15 44
771 173 13
564 47 7
709 510 7
269 834 17
988 548
161 95
1 725
516 291
96 423
544 565
157 474
815 22
407 642
363 949
960 898
627 864
748 1000
744 794
207 485
0 2 15 2

15 45 132
979 593 19
72 469 4
81 600 3
998 813 1
144 275 10
601 419 7
638 210 18
604 780 18
965 221 2
171 907 9
132 678 14
864 982 13
299 721 6
82 616 8
283 834 0
90 980
367 136
570 509
110 258
287 699
234 505
743 749
372 582
831 810
595 598
607 122
39 798
444 857
79 468
741 818
306 524
405 303
127 8
646 572
967 519
587 294
815 223
602 742
338 719
826 727
302 910
758 580
858 993
421 809
957 161
90 72
205 162
25 119
280 217
158 125
744 97
870 665
779 518
954 148
818 863
995 801
785 743
736 908
38 520
9 863
0 2 15 2

7 16 45
137 570 9
224 707 3
606 104 1
598 57 9
908 407 6
590 984 5
459 573 12
293 156
105 284
678 154
94 268
623 999
721 153
61 88
931 499
796 225
623 982
244 535
925 84
283 419
539 665
838 145
810 293
0 2 15 2

6 11 32
44 7 3
992 75 4
419 417 8
624 799 7
89 413 0
398 75 10
823 47
468 65
902 474
106 993
997 628
778 534
583 826
367 458
215 499
418 372
628 730
0 2 15 2

13 55 162
903 517 15
565 519 17
476 729 6
608 564 15
766 176 17
857 469 15
473 975 17
668 599 1
128 195 20
333 512 2
235 676 13
989 496 7
235 365 17
311 850
473 632
485 402
927 913
90 412
21 810
960 552
212 284
843 349
732 516
863 129
926 836
243 73
372 308
64 874
802 841
658 542
701 131
594 558
200 979
244 733
562 737
549 323
290 168
271 549
221 906
564 82
977 511
238 405
103 591
575 289
130 161
858 358
523 934
306 742
236 933
521 44
628 89
848 465
427 685
901 430
414 359
363 13
853 525
250 842
161 629
311 844
198 789
385 379
476 0
574 720
893 522
194 917
192 327
103 794
0 2 15 2

9 29 86
347 832 7
970 211 6
593 366 1
53 963 7
97 166 12
535 420 16
884 444 10
194 544 11
886 537 16
405 620
134 637
261 510
940 308
348 967
70 206
200 797
956 456
182 443
887 426
274 306
661 510
152 840
581 376
474 995
69 758
529 622
809 897
996 208
800 865
707 272
683 856
899 967
480 771
6 783
764 47
793 771
383 815
2 197
0 2 15 2

1 6 17
927 642 17
269 451
152 920
454 472
51 613
19 301
740 575
0 2 15 2

5 24 69
552 578 13
678 649 8
863 688 18
942 938 17
330 17 13
14 756
672 653
940 34
357 741
105 705
268 872
478 340
205 7
854 26
310 730
608 188
971 31
778 348
169 542
56 70
527 799
437 239
287 396
561 606
20 966
9 347
808 273
428 62
370 814
0 2 15 2

2 7 20
73 213 9
903 295 11
894 890
655 455
223 48
966 17
654 30
333 152
380 497
0 2 15 2

6 22 65
589 781 17
681 595 10
732 784 6
237 398 2
41 770 10
384 326 20
153 393
376 957
555 988
442 64
757 512
457 538
309 883
381 649
425 542
488 422
245 883
98 362
732 140
911 86
734 925
200 632
479 24
229 702
238 102
714 419
1000 723
58 726
0 2 15 2

4 17 49
779 70 17
622 95 15
792 491 0
77 372 17
903 518
877 989
666 502
470 948
331 111
163 178
32 633
767 350
765 354
385 959
961 386
255 347
552 42
347 452
823 597
567 328
997 51
0 2 15 2

8 26 76
224 343 7
563 870 10
373 763 15
269 584 2
729 662 1
913 80 12
210 614 9
649 375 20
466 787
151 694
194 975
296 322
83 948
389 364
827 717
911 775
358 611
65 446
858 180
530 805
2 138
298 688
574 429
546 715
948 588
292 337
541 31
813 700
539 127
908 797
591 212
365 853
801 228
693 215
0 2 15 2

8 27 78
347 689 0
939 901 1
175 576 14
844 893 16
884 773 16
360 406 14
623 924 10
758 311 7
446 919
345 883
111 71
216 461
17 843
886 532
642 882
606 285
679 598
523 790
398 462
756 272
797 570
17 694
38 5
856 244
403 804
29 392
943 864
552 137
685 778
600 11
362 539
474 446
315 13
71 488
745 870
0 2 15 2

15 38 111
643 966 18
954 95 15
161 894 5
217 58 1
716 91 2
77 161 5
598 465 16
560 968 10
83 140 5
149 25 4
588 43 13
621 396 5
364 998 1
125 286 3
145 587 8
238 619
65 327
765 1
523 253
352 361
763 117
367 648
304 426
407 43
221 862
336 418
843 524
555 742
8 837
589 33
169 188
494 462
703 129
613 700
870 899
895 273
841 20
225 327
445 486
535 770
509 242
476 991
61 96
587 32
699 966
952 734
286 693
695 857
94 122
60 977
223 546
833 591
720 186
0 2 15 2

11 38 113
368 89 2
4 110 12
297 726 9
805 589 18
211 499 13
841 973 5
4 963 15
116 29 17
852 286 19
566 832 3
238 635 0
223 962
621 902
988 665
369 335
589 799
693 423
686 43
446 836
566 766
234 75
565 223
208 627
455 955
519 104
415 933
33 224
160 123
575 192
320 940
661 619
555 781
824 836
587 53
482 488
124 695
804 664
15 630
907 577
960 47
779 163
354 286
326 303
885 81
368 184
144 495
392 411
100 696
598 737
0 2 15 2

4 9 26
217 285 7
340 588 11
291 132 3
355 943 5
43 499
695 383
737 684
323 986
414 558
809 978
129 480
9 731
96 547
0 2 15 2

15 47 139
558 171 16
805 946 0
843 264 2
428 602 12
120 796 16
97 374 6
124 284 5
139 960 17
621 974 8
977 962 9
984 507 1
494 761 6
153 138 18
715 675 17
622 103 6
834 53
983 976
709 951
811 182
453 517
179 703
771 179
361 571
200 293
813 353
37 407
171 777
502 817
896 955
126 164
672 219
784 206
459 368
55 934
988 251
937 764
6 914
482 299
971 945
170 923
201 387
867 556
417 703
56 980
198 44
305 70
102 363
732 7
855 497
994 491
502 180
13 390
414 141
550 451
7 352
53 392
878 360
458 475
882 560
546 897
29 319
36 965
0 2 15 2

9 39 114
628 464 8
587 324 19
594 652 1
891 916 20
984 629 12
628 18 9
845 224 13
250 664 20
401 86 12
478 394
992 536
368 154
265 612
965 51
831 490
508 882
224 938
962 329
120 998
127 862
248 951
382 504
31 61
998 177
466 905
875 807
455 853
651 787
145 137
327 232
925 860
691 633
347 911
175 4
238 342
843 54
365 590
433 812
847 5
206 911
115 947
377 570
472 870
819 600
598 910
851 373
237 467
980 593
0 2 15 2

4 9 26
141 964 20
950 355 2
543 657 3
267 949 1
5 407
1 443
882 500
491 470
130 216
389 599
197 891
971 968
810 847
0 2 15 2

9 34 101
279 536 18
458 242 6
128 391 20
610 413 3
674 626 15
490 999 3
744 624 17
61 889 8
68 287 11
274 521
51 900
358 805
173 62
833 756
358 307
803 622
360 217
792 373
356 273
153 911
778 381
313 68
251 933
23 620
857 609
928 897
289 987
208 803
817 493
200 596
365 913
105 221
429 73
76 209
408 38
54 524
985 437
121 583
506 183
436 202
764 976
716 515
136 716
0 2 15 2

6 27 79
304 290 16
695 960 6
25 823 12
534 292 20
273 199 7
373 798 18
110 42
637 368
600 278
383 733
323 559
98 530
65 1
800 720
781 237
231 30
205 90
763 701
619 667
844 67
742 957
998 591
83 803
486 815
19 316
182 877
289 89
290 113
431 539
771 160
13 322
577 967
525 255
0 2 15 2

2 6 16
338 866 2
353 737 14
434 275
927 513
749 132
844 271
505 381
601 559
0 2 15 2

9 33 98
914 175 10
970 754 11
492 256 9
829 723 19
358 942 3
245 58 17
808 517 15
385 529 8
693 895 6
804 119
808 298
45 5
429 680
21 824
647 331
976 646
111 739
560 599
638 56
301 79
941 633
378 267
824 120
431 256
127 554
639 703
145 671
968 711
169 728
106 500
317 753
91 115
15 622
211 6
239 664
896 401
797 473
754 249
285 595
355 190
223 228
278 573
0 2 15 2

14 46 137
917 324 8
750 155 2
435 201 9
882 891 8
187 915 14
346 945 15
429 229 16
28 278 10
109 833 1
549 351 4
152 241 15
583 657 7
71 498 17
450 148 11
248 404
159 665
688 813
272 530
145 795
541 662
600 931
548 608
253 957
897 807
995 844
792 657
1000 836
257 407
724 664
118 822
592 538
481 396
256 444
65 808
296 470
409 227
498 288
513 16
150 686
826 876
820 773
342 143
20 496
408 452
256 301
306 956
441 423
220 332
936 252
460 482
370 162
128 325
503 383
31 677
940 640
277 163
494 43
663 542
257 883
328 674
0 2 15 2

1 3 6
915 226 6
248 471
494 553
461 606
0 2 15 2

3 12 33
932 423 8
716 940 10
690 469 15
264 466
42 706
583 605
823 643
821 348
927 101
851 336
550 563
267 663
760 243
442 269
563 615
0 2 15 2

6 24 71
735 431 8
188 336 12
393 56 14
364 624 16
613 403 4
415 296 17
450 755
4 78
357 703
613 337
33 127
18 423
10 170
411 47
645 407
996 501
755 149
326 583
204 978
379 68
358 49
413 210
543 104
410 599
303 881
429 459
567 623
991 419
266 17
663 250
0 2 15 2

5 17 48
350 19 12
115 38 13
798 651 4
692 12 2
25 646 17
955 954
180 407
111 286
917 810
314 629
181 219
355 383
163 413
308 538
234 554
509 454
475 53
473 817
226 139
612 287
730 78
650 14
0 2 15 2

