15 46 135
148 158 12
510 705 15
144 184 8
139 848 10
538 329 14
542 766 9
487 559 13
774 324 6
582 861 10
414 661 0
423 481 9
919 569 9
366 802 2
275 553 3
80 189 15
15 81
85 853
479 764
455 946
222 550
493 830
112 15
465 758
233 375
225 111
765 93
901 895
665 850
442 376
699 180
470 642
971 543
958 64
707 660
298 866
652 73
425 75
473 677
622 274
119 976
360 725
630 308
9 857
733 643
866 975
993 866
829 915
652 499
630 150
799 455
966 273
830 621
219 9
427 118
273 770
282 304
320 225
565 278
614 550
331 587
660 593
30 1 0 1

9 24 71
920 948 19
123 377 1
503 403 6
537 916 17
807 878 0
345 781 1
757 380 17
829 756 8
641 323 2
802 381
102 135
740 877
280 863
773 251
505 306
183 125
566 114
705 908
698 430
512 216
561 17
685 779
970 868
584 281
771 475
882 453
584 932
534 858
961 551
828 299
454 218
765 252
897 226
16 1 0 1

14 51 151
291 808 5
746 188 4
76 287 20
177 554 18
167 73 20
581 0 15
379 423 6
877 560 10
356 499 3
25 915 3
545 912 6
771 627 10
444 918 17
901 844 14
805 973
794 439
875 29
293 185
272 148
453 127
307 34
26 212
910 74
17 796
248 448
133 551
176 306
36 997
949 869
712 363
855 194
498 960
165 53
473 969
66 426
741 159
44 285
314 38
143 509
393 989
434 130
309 64
881 848
826 622
159 980
995 675
316 674
667 857
808 15
235 20
620 450
408 522
681 531
615 474
658 720
958 126
136 5
438 31
783 412
199 288
573 810
506 867
871 539
610 364
180 856
32 1 0 1

2 7 19
945 636 18
802 546 1
765 543
492 375
878 362
871 820
544 524
803 983
690 970
4 1 0 1

11 39 114
468 683 15
701 255 19
657 662 18
498 421 10
917 196 17
411 137 4
730 695 13
71 146 1
52 727 2
717 584 14
133 107 1
597 599
341 876
838 278
594 912
240 608
346 590
259 283
677 328
872 414
129 545
745 590
169 337
883 728
413 7
325 822
466 431
850 203
329 995
815 993
330 761
332 333
543 306
864 923
373 730
817 903
4 321
641 431
659 53
555 128
472 801
386 681
833 828
753 459
101 231
351 869
554 484
929 180
177 543
824 573
25 1 0 1

6 25 73
708 297 20
954 309 4
87 704 3
427 641 10
874 295 19
421 280 17
981 748
807 571
318 236
690 777
37 162
246 947
298 128
806 257
243 491
697 671
3 231
790 735
261 98
823 808
729 947
191 842
844 41
212 745
897 372
292 399
132 217
165 598
699 990
274 222
990 381
15 1 0 1

6 26 75
595 766 13
257 226 4
646 701 12
981 7 13
718 808 14
586 575 19
405 33
877 712
837 313
75 386
95 530
964 367
271 81
158 346
772 488
226 678
895 769
438 239
653 181
903 731
44 659
46 97
699 849
834 531
269 691
44 918
812 555
507 102
549 126
576 651
864 190
362 645
16 1 0 1

11 35 102
96 815 18
661 178 16
411 582 15
31 659 4
933 242 1
688 103 0
1 997 9
225 256 14
11 70 2
263 329 17
520 572 6
348 527
961 776
751 645
475 335
185 739
973 30
691 836
137 730
709 612
675 563
459 72
444 559
571 778
655 585
8 72
929 716
738 440
462 232
875 8
603 886
987 347
204 694
734 50
614 454
347 29
954 116
183 933
205 423
226 214
464 19
40 537
68 615
463 637
116 654
580 511
23 1 0 1

15 50 147
66 160 7
947 824 11
599 234 16
517 197 8
630 87 18
3 97 4
739 813 7
725 721 13
110 92 0
702 154 9
937 249 14
424 198 6
525 373 10
812 296 10
260 1000 14
816 107
170 108
557 417
188 774
512 617
820 434
490 625
411 754
736 254
542 791
849 382
246 323
632 115
8 362
436 332
980 472
205 191
300 95
595 855
671 513
592 517
377 50
805 139
417 855
814 10
308 887
44 105
413 866
830 201
118 434
988 836
590 375
171 703
664 537
30 286
329 572
360 603
419 358
532 728
322 970
511 140
128 743
660 217
512 873
695 138
702 612
852 791
399 285
469 659
722 102
32 1 0 1

14 38 113
516 901 15
225 948 7
335 14 8
189 722 4
546 346 3
23 596 2
810 278 1
807 338 2
343 868 20
772 427 0
39 471 18
55 106 10
511 135 12
626 271 11
80 533
567 346
311 51
121 654
659 27
437 800
932 987
731 493
785 867
331 676
614 721
962 294
302 717
641 969
35 93
249 778
799 66
682 723
376 305
836 61
711 522
598 380
138 209
944 649
527 630
186 827
766 434
30 220
58 314
924 539
631 347
736 975
269 179
685 302
6 124
510 419
596 861
109 289
26 1 0 1

5 14 40
344 239 9
403 858 11
175 262 17
968 704 1
459 469 2
36 404
420 55
906 682
473 825
725 113
818 520
330 37
643 930
544 103
789 628
848 300
844 929
907 625
957 604
9 1 0 1

15 47 139
184 938 14
179 842 15
79 336 6
826 774 1
650 36 16
337 523 16
800 687 3
60 350 19
313 736 15
965 258 3
539 946 6
761 465 11
186 768 9
131 334 0
103 61 5
463 715
90 2
245 541
330 907
832 552
216 290
30 595
49 211
579 439
831 398
349 307
257 479
846 154
869 403
478 671
242 594
728 390
212 620
547 974
942 689
236 258
320 424
481 226
864 593
739 716
282 853
246 161
510 262
616 198
191 613
42 901
721 388
807 286
377 44
996 164
52 867
62 441
291 754
369 30
89 35
842 939
699 683
141 824
950 229
734 766
994 467
340 159
31 1 0 1

10 41 122
151 804 20
544 208 18
493 14 2
688 917 14
798 373 12
54 571 6
278 379 18
273 123 6
881 957 15
451 584 11
767 916
116 280
871 486
775 44
335 857
3 759
182 28
579 571
329 869
323 814
515 373
823 116
19 789
449 809
879 661
623 665
179 635
295 558
207 447
208 263
562 716
765 441
524 121
276 507
288 760
469 429
65 610
527 432
56 283
984 334
610 717
350 361
634 937
312 551
40 40
493 352
110 27
250 389
250 639
302 380
488 12
25 1 0 1

13 64 191
47 413 11
312 347 18
68 589 14
483 975 19
919 749 19
878 752 11
977 378 13
912 641 0
505 606 20
924 108 20
361 239 20
974 217 6
466 698 20
958 485
576 248
826 551
253 978
537 109
65 809
269 491
824 481
679 331
717 708
393 89
303 161
707 658
559 793
762 800
618 48
602 620
914 621
246 123
187 580
498 468
211 653
473 961
661 511
886 605
819 947
324 79
464 583
680 454
706 887
619 854
612 441
133 908
551 644
843 60
676 612
127 235
746 847
37 706
127 61
9 39
840 767
753 934
861 256
176 154
918 644
981 319
658 128
487 14
836 427
466 492
263 67
743 586
798 787
156 651
76 401
708 784
791 161
998 540
838 235
733 31
424 204
75 216
627 893
38 1 0 1

8 33 97
845 652 18
773 649 17
676 716 13
898 448 0
507 17 16
192 80 12
441 355 16
207 14 5
224 784
286 557
213 849
712 490
436 988
351 585
67 259
878 590
992 218
876 725
141 121
101 865
237 609
769 452
69 542
511 225
197 327
787 594
906 514
681 575
509 852
203 924
58 406
53 160
106 532
263 139
751 123
281 883
695 667
266 457
383 54
724 948
997 545
20 1 0 1

14 43 127
516 603 17
549 29 4
203 566 13
910 848 7
933 889 12
607 346 10
939 88 17
142 951 19
551 342 13
898 397 0
91 230 2
622 716 9
379 594 3
970 154 1
775 809
451 779
734 253
6 985
285 932
547 281
768 4
942 6
959 505
563 946
404 176
425 294
594 255
920 983
33 875
274 135
400 485
314 315
287 884
202 127
252 326
891 733
181 689
576 649
926 92
865 624
861 451
537 578
281 278
189 345
992 749
157 436
624 682
956 431
853 910
966 845
434 378
327 505
468 333
445 496
601 785
408 739
654 26
28 1 0 1

6 22 64
991 24 16
351 722 19
769 44 8
366 238 0
694 859 16
243 218 5
976 256
943 754
857 29
820 672
384 588
966 836
991 561
692 725
991 503
98 642
910 657
419 782
225 102
337 611
607 661
543 106
892 471
368 847
146 313
767 553
466 893
920 308
14 1 0 1

6 17 50
527 894 10
337 2 11
841 483 1
750 746 2
899 137 19
869 63 7
247 304
930 640
713 701
781 630
71 5
92 609
871 138
909 813
835 899
594 93
970 894
841 903
1 735
706 393
670 593
886 665
865 322
11 1 0 1

5 20 59
809 862 19
733 90 9
259 661 11
682 315 15
911 485 5
254 366
640 751
861 806
944 785
744 88
877 236
411 273
103 814
471 876
938 899
240 593
663 475
840 382
387 465
759 749
785 765
767 117
4 361
832 604
654 688
12 1 0 1

4 20 59
909 424 18
759 988 17
368 457 4
649 170 20
886 496
778 548
954 359
10 816
260 882
418 794
47 757
771 909
740 759
608 133
49 983
456 861
510 894
371 223
804 174
699 841
655 618
234 453
27 677
356 497
12 1 0 1

8 24 69
924 214 2
113 669 3
437 930 1
121 424 14
627 851 18
531 817 20
802 148 11
178 155 0
91 440
858 90
49 674
265 356
79 407
722 668
552 968
44 165
226 519
33 731
862 324
22 389
862 398
768 981
146 646
124 721
395 502
884 708
182 514
679 562
943 84
816 766
59 519
282 922
16 1 0 1

4 13 36
112 728 3
147 58 4
630 687 17
894 458 12
531 14
35 728
144 32
576 411
870 429
564 980
230 881
972 552
972 46
667 140
64 735
568 960
765 200
8 1 0 1

9 27 79
235 947 18
767 992 12
770 728 19
56 439 1
927 473 5
624 219 10
205 749 7
796 921 5
574 905 2
544 271
388 49
242 361
603 92
289 597
488 630
944 934
720 602
257 208
68 139
695 455
227 974
900 124
803 686
292 816
686 956
33 690
657 294
86 437
112 165
335 913
496 845
93 206
602 479
583 641
951 729
693 700
18 1 0 1

13 46 137
892 403 5
634 622 19
872 67 7
332 739 13
69 109 16
571 435 3
862 668 11
988 241 11
940 870 17
570 48 8
299 348 0
730 794 9
792 742 18
755 164
572 547
463 343
688 968
989 110
896 621
787 519
589 55
49 606
808 930
31 669
431 448
39 889
613 898
151 356
814 182
923 971
87 555
79 803
256 859
986 492
683 241
721 403
39 725
463 744
50 825
549 75
828 21
204 476
388 973
900 822
71 233
493 696
514 157
148 146
481 297
244 212
957 296
1 401
247 470
424 269
842 807
485 223
16 604
48 784
492 115
29 1 0 1

1 5 12
453 608 12
943 250
153 483
591 303
776 327
670 978
3 1 0 1

4 12 34
325 430 18
888 676 13
28 286 0
475 747 3
8 128
312 335
489 856
109 338
70 685
484 543
248 170
931 361
791 520
908 47
565 967
821 162
8 1 0 1

14 47 140
770 649 17
615 503 8
707 117 10
741 208 20
874 629 2
753 935 20
872 832 3
288 834 15
963 153 5
922 216 8
527 460 14
19 858 3
435 766 4
302 584 11
866 410
175 878
852 431
851 669
993 762
142 12
92 863
90 819
284 242
72 706
829 964
3 785
901 876
122 16
791 43
705 124
423 478
225 365
802 907
503 698
848 636
636 330
304 869
397 505
942 190
820 536
769 949
579 787
105 376
330 134
772 111
498 758
2 421
535 481
127 433
566 504
333 442
469 490
338 780
457 85
678 942
502 826
454 852
518 722
601 597
905 18
473 411
30 1 0 1

4 20 58
597 721 13
4 898 13
277 333 13
691 68 19
558 158
706 861
631 361
540 41
818 847
316 583
165 349
514 437
767 828
960 480
396 749
303 390
657 210
424 94
142 533
785 890
777 76
47 269
919 593
324 471
12 1 0 1

9 35 104
799 553 6
990 972 7
539 976 3
973 301 17
231 475 19
973 286 15
218 366 19
703 97 13
868 145 5
123 108
571 39
643 134
370 617
359 152
504 424
324 899
502 641
206 486
200 978
679 891
264 677
317 436
950 687
777 516
920 689
81 148
520 379
973 695
796 781
257 40
240 636
882 380
856 86
781 315
727 930
378 785
616 610
200 893
170 15
704 279
316 147
999 265
514 961
649 597
22 1 0 1

8 23 67
281 833 12
736 486 9
790 916 14
310 656 7
54 557 8
586 7 6
83 715 7
866 216 4
880 482
130 33
883 927
192 281
353 625
675 974
449 396
730 90
582 174
992 225
518 804
611 773
345 258
32 394
527 279
864 2
998 225
776 509
730 579
64 915
261 184
600 401
47 885
15 1 0 1

15 46 135
148 158 12
510 705 15
144 184 8
139 848 10
538 329 14
542 766 9
487 559 13
774 324 6
582 861 10
414 661 0
423 481 9
919 569 9
366 802 2
275 553 3
80 189 15
15 81
85 853
479 764
455 946
222 550
493 830
112 15
465 758
233 375
225 111
765 93
901 895
665 850
442 376
699 180
470 642
971 543
958 64
707 660
298 866
652 73
425 75
473 677
622 274
119 976
360 725
630 308
9 857
733 643
866 975
993 866
829 915
652 499
630 150
799 455
966 273
830 621
219 9
427 118
273 770
282 304
320 225
565 278
614 550
331 587
660 593
30 1 0 2

9 24 71
920 948 19
123 377 1
503 403 6
537 916 17
807 878 0
345 781 1
757 380 17
829 756 8
641 323 2
802 381
102 135
740 877
280 863
773 251
505 306
183 125
566 114
705 908
698 430
512 216
561 17
685 779
970 868
584 281
771 475
882 453
584 932
534 858
961 551
828 299
454 218
765 252
897 226
16 1 0 2

14 51 151
291 808 5
746 188 4
76 287 20
177 554 18
167 73 20
581 0 15
379 423 6
877 560 10
356 499 3
25 915 3
545 912 6
771 627 10
444 918 17
901 844 14
805 973
794 439
875 29
293 185
272 148
453 127
307 34
26 212
910 74
17 796
248 448
133 551
176 306
36 997
949 869
712 363
855 194
498 960
165 53
473 969
66 426
741 159
44 285
314 38
143 509
393 989
434 130
309 64
881 848
826 622
159 980
995 675
316 674
667 857
808 15
235 20
620 450
408 522
681 531
615 474
658 720
958 126
136 5
438 31
783 412
199 288
573 810
506 867
871 539
610 364
180 856
32 1 0 2

2 7 19
945 636 18
802 546 1
765 543
492 375
878 362
871 820
544 524
803 983
690 970
4 1 0 2

11 39 114
468 683 15
701 255 19
657 662 18
498 421 10
917 196 17
411 137 4
730 695 13
71 146 1
52 727 2
717 584 14
133 107 1
597 599
341 876
838 278
594 912
240 608
346 590
259 283
677 328
872 414
129 545
745 590
169 337
883 728
413 7
325 822
466 431
850 203
329 995
815 993
330 761
332 333
543 306
864 923
373 730
817 903
4 321
641 431
659 53
555 128
472 801
386 681
833 828
753 459
101 231
351 869
554 484
929 180
177 543
824 573
25 1 0 2

6 25 73
708 297 20
954 309 4
87 704 3
427 641 10
874 295 19
421 280 17
981 748
807 571
318 236
690 777
37 162
246 947
298 128
806 257
243 491
697 671
3 231
790 735
261 98
823 808
729 947
191 842
844 41
212 745
897 372
292 399
132 217
165 598
699 990
274 222
990 381
15 1 0 2

6 26 75
595 766 13
257 226 4
646 701 12
981 7 13
718 808 14
586 575 19
405 33
877 712
837 313
75 386
95 530
964 367
271 81
158 346
772 488
226 678
895 769
438 239
653 181
903 731
44 659
46 97
699 849
834 531
269 691
44 918
812 555
507 102
549 126
576 651
864 190
362 645
16 1 0 2

11 35 102
96 815 18
661 178 16
411 582 15
31 659 4
933 242 1
688 103 0
1 997 9
225 256 14
11 70 2
263 329 17
520 572 6
348 527
961 776
751 645
475 335
185 739
973 30
691 836
137 730
709 612
675 563
459 72
444 559
571 778
655 585
8 72
929 716
738 440
462 232
875 8
603 886
987 347
204 694
734 50
614 454
347 29
954 116
183 933
205 423
226 214
464 19
40 537
68 615
463 637
116 654
580 511
23 1 0 2

15 50 147
66 160 7
947 824 11
599 234 16
517 197 8
630 87 18
3 97 4
739 813 7
725 721 13
110 92 0
702 154 9
937 249 14
424 198 6
525 373 10
812 296 10
260 1000 14
816 107
170 108
557 417
188 774
512 617
820 434
490 625
411 754
736 254
542 791
849 382
246 323
632 115
8 362
436 332
980 472
205 191
300 95
595 855
671 513
592 517
377 50
805 139
417 855
814 10
308 887
44 105
413 866
830 201
118 434
988 836
590 375
171 703
664 537
30 286
329 572
360 603
419 358
532 728
322 970
511 140
128 743
660 217
512 873
695 138
702 612
852 791
399 285
469 659
722 102
32 1 0 2

14 38 113
516 901 15
225 948 7
335 14 8
189 722 4
546 346 3
23 596 2
810 278 1
807 338 2
343 868 20
772 427 0
39 471 18
55 106 10
511 135 12
626 271 11
80 533
567 346
311 51
121 654
659 27
437 800
932 987
731 493
785 867
331 676
614 721
962 294
302 717
641 969
35 93
249 778
799 66
682 723
376 305
836 61
711 522
598 380
138 209
944 649
527 630
186 827
766 434
30 220
58 314
924 539
631 347
736 975
269 179
685 302
6 124
510 419
596 861
109 289
26 1 0 2

5 14 40
344 239 9
403 858 11
175 262 17
968 704 1
459 469 2
36 404
420 55
906 682
473 825
725 113
818 520
330 37
643 930
544 103
789 628
848 300
844 929
907 625
957 604
9 1 0 2

15 47 139
184 938 14
179 842 15
79 336 6
826 774 1
650 36 16
337 523 16
800 687 3
60 350 19
313 736 15
965 258 3
539 946 6
761 465 11
186 768 9
131 334 0
103 61 5
463 715
90 2
245 541
330 907
832 552
216 290
30 595
49 211
579 439
831 398
349 307
257 479
846 154
869 403
478 671
242 594
728 390
212 620
547 974
942 689
236 258
320 424
481 226
864 593
739 716
282 853
246 161
510 262
616 198
191 613
42 901
721 388
807 286
377 44
996 164
52 867
62 441
291 754
369 30
89 35
842 939
699 683
141 824
950 229
734 766
994 467
340 159
31 1 0 2

10 41 122
151 804 20
544 208 18
493 14 2
688 917 14
798 373 12
54 571 6
278 379 18
273 123 6
881 957 15
451 584 11
767 916
116 280
871 486
775 44
335 857
3 759
182 28
579 571
329 869
323 814
515 373
823 116
19 789
449 809
879 661
623 665
179 635
295 558
207 447
208 263
562 716
765 441
524 121
276 507
288 760
469 429
65 610
527 432
56 283
984 334
610 717
350 361
634 937
312 551
40 40
493 352
110 27
250 389
250 639
302 380
488 12
25 1 0 2

13 64 191
47 413 11
312 347 18
68 589 14
483 975 19
919 749 19
878 752 11
977 378 13
912 641 0
505 606 20
924 108 20
361 239 20
974 217 6
466 698 20
958 485
576 248
826 551
253 978
537 109
65 809
269 491
824 481
679 331
717 708
393 89
303 161
707 658
559 793
762 800
618 48
602 620
914 621
246 123
187 580
498 468
211 653
473 961
661 511
886 605
819 947
324 79
464 583
680 454
706 887
619 854
612 441
133 908
551 644
843 60
676 612
127 235
746 847
37 706
127 61
9 39
840 767
753 934
861 256
176 154
918 644
981 319
658 128
487 14
836 427
466 492
263 67
743 586
798 787
156 651
76 401
708 784
791 161
998 540
838 235
733 31
424 204
75 216
627 893
38 1 0 2

8 33 97
845 652 18
773 649 17
676 716 13
898 448 0
507 17 16
192 80 12
441 355 16
207 14 5
224 784
286 557
213 849
712 490
436 988
351 585
67 259
878 590
992 218
876 725
141 121
101 865
237 609
769 452
69 542
511 225
197 327
787 594
906 514
681 575
509 852
203 924
58 406
53 160
106 532
263 139
751 123
281 883
695 667
266 457
383 54
724 948
997 545
20 1 0 2

14 43 127
516 603 17
549 29 4
203 566 13
910 848 7
933 889 12
607 346 10
939 88 17
142 951 19
551 342 13
898 397 0
91 230 2
622 716 9
379 594 3
970 154 1
775 809
451 779
734 253
6 985
285 932
547 281
768 4
942 6
959 505
563 946
404 176
425 294
594 255
920 983
33 875
274 135
400 485
314 315
287 884
202 127
252 326
891 733
181 689
576 649
926 92
865 624
861 451
537 578
281 278
189 345
992 749
157 436
624 682
956 431
853 910
966 845
434 378
327 505
468 333
445 496
601 785
408 739
654 26
28 1 0 2

6 22 64
991 24 16
351 722 19
769 44 8
366 238 0
694 859 16
243 218 5
976 256
943 754
857 29
820 672
384 588
966 836
991 561
692 725
991 503
98 642
910 657
419 782
225 102
337 611
607 661
543 106
892 471
368 847
146 313
767 553
466 893
920 308
14 1 0 2

6 17 50
527 894 10
337 2 11
841 483 1
750 746 2
899 137 19
869 63 7
247 304
930 640
713 701
781 630
71 5
92 609
871 138
909 813
835 899
594 93
970 894
841 903
1 735
706 393
670 593
886 665
865 322
11 1 0 2

5 20 59
809 862 19
733 90 9
259 661 11
682 315 15
911 485 5
254 366
640 751
861 806
944 785
744 88
877 236
411 273
103 814
471 876
938 899
240 593
663 475
840 382
387 465
759 749
785 765
767 117
4 361
832 604
654 688
12 1 0 2

4 20 59
909 424 18
759 988 17
368 457 4
649 170 20
886 496
778 548
954 359
10 816
260 882
418 794
47 757
771 909
740 759
608 133
49 983
456 861
510 894
371 223
804 174
699 841
655 618
234 453
27 677
356 497
12 1 0 2

8 24 69
924 214 2
113 669 3
437 930 1
121 424 14
627 851 18
531 817 20
802 148 11
178 155 0
91 440
858 90
49 674
265 356
79 407
722 668
552 968
44 165
226 519
33 731
862 324
22 389
862 398
768 981
146 646
124 721
395 502
884 708
182 514
679 562
943 84
816 766
59 519
282 922
16 1 0 2

4 13 36
112 728 3
147 58 4
630 687 17
894 458 12
531 14
35 728
144 32
576 411
870 429
564 980
230 881
972 552
972 46
667 140
64 735
568 960
765 200
8 1 0 2

9 27 79
235 947 18
767 992 12
770 728 19
56 439 1
927 473 5
624 219 10
205 749 7
796 921 5
574 905 2
544 271
388 49
242 361
603 92
289 597
488 630
944 934
720 602
257 208
68 139
695 455
227 974
900 124
803 686
292 816
686 956
33 690
657 294
86 437
112 165
335 913
496 845
93 206
602 479
583 641
951 729
693 700
18 1 0 2

13 46 137
892 403 5
634 622 19
872 67 7
332 739 13
69 109 16
571 435 3
862 668 11
988 241 11
940 870 17
570 48 8
299 348 0
730 794 9
792 742 18
755 164
572 547
463 343
688 968
989 110
896 621
787 519
589 55
49 606
808 930
31 669
431 448
39 889
613 898
151 356
814 182
923 971
87 555
79 803
256 859
986 492
683 241
721 403
39 725
463 744
50 825
549 75
828 21
204 476
388 973
900 822
71 233
493 696
514 157
148 146
481 297
244 212
957 296
1 401
247 470
424 269
842 807
485 223
16 604
48 784
492 115
29 1 0 2

1 5 12
453 608 12
943 250
153 483
591 303
776 327
670 978
3 1 0 2

4 12 34
325 430 18
888 676 13
28 286 0
475 747 3
8 128
312 335
489 856
109 338
70 685
484 543
248 170
931 361
791 520
908 47
565 967
821 162
8 1 0 2

14 47 140
770 649 17
615 503 8
707 117 10
741 208 20
874 629 2
753 935 20
872 832 3
288 834 15
963 153 5
922 216 8
527 460 14
19 858 3
435 766 4
302 584 11
866 410
175 878
852 431
851 669
993 762
142 12
92 863
90 819
284 242
72 706
829 964
3 785
901 876
122 16
791 43
705 124
423 478
225 365
802 907
503 698
848 636
636 330
304 869
397 505
942 190
820 536
769 949
579 787
105 376
330 134
772 111
498 758
2 421
535 481
127 433
566 504
333 442
469 490
338 780
457 85
678 942
502 826
454 852
518 722
601 597
905 18
473 411
30 1 0 2

4 20 58
597 721 13
4 898 13
277 333 13
691 68 19
558 158
706 861
631 361
540 41
818 847
316 583
165 349
514 437
767 828
960 480
396 749
303 390
657 210
424 94
142 533
785 890
777 76
47 269
919 593
324 471
12 1 0 2

9 35 104
799 553 6
990 972 7
539 976 3
973 301 17
231 475 19
973 286 15
218 366 19
703 97 13
868 145 5
123 108
571 39
643 134
370 617
359 152
504 424
324 899
502 641
206 486
200 978
679 891
264 677
317 436
950 687
777 516
920 689
81 148
520 379
973 695
796 781
257 40
240 636
882 380
856 86
781 315
727 930
378 785
616 610
200 893
170 15
704 279
316 147
999 265
514 961
649 597
22 1 0 2

8 23 67
281 833 12
736 486 9
790 916 14
310 656 7
54 557 8
586 7 6
83 715 7
866 216 4
880 482
130 33
883 927
192 281
353 625
675 974
449 396
730 90
582 174
992 225
518 804
611 773
345 258
32 394
527 279
864 2
998 225
776 509
730 579
64 915
261 184
600 401
47 885
15 1 0 2

15 46 135
148 158 12
510 705 15
144 184 8
139 848 10
538 329 14
542 766 9
487 559 13
774 324 6
582 861 10
414 661 0
423 481 9
919 569 9
366 802 2
275 553 3
80 189 15
15 81
85 853
479 764
455 946
222 550
493 830
112 15
465 758
233 375
225 111
765 93
901 895
665 850
442 376
699 180
470 642
971 543
958 64
707 660
298 866
652 73
425 75
473 677
622 274
119 976
360 725
630 308
9 857
733 643
866 975
993 866
829 915
652 499
630 150
799 455
966 273
830 621
219 9
427 118
273 770
282 304
320 225
565 278
614 550
331 587
660 593
30 2 0 1

9 24 71
920 948 19
123 377 1
503 403 6
537 916 17
807 878 0
345 781 1
757 380 17
829 756 8
641 323 2
802 381
102 135
740 877
280 863
773 251
505 306
183 125
566 114
705 908
698 430
512 216
561 17
685 779
970 868
584 281
771 475
882 453
584 932
534 858
961 551
828 299
454 218
765 252
897 226
16 2 0 1

14 51 151
291 808 5
746 188 4
76 287 20
177 554 18
167 73 20
581 0 15
379 423 6
877 560 10
356 499 3
25 915 3
545 912 6
771 627 10
444 918 17
901 844 14
805 973
794 439
875 29
293 185
272 148
453 127
307 34
26 212
910 74
17 796
248 448
133 551
176 306
36 997
949 869
712 363
855 194
498 960
165 53
473 969
66 426
741 159
44 285
314 38
143 509
393 989
434 130
309 64
881 848
826 622
159 980
995 675
316 674
667 857
808 15
235 20
620 450
408 522
681 531
615 474
658 720
958 126
136 5
438 31
783 412
199 288
573 810
506 867
871 539
610 364
180 856
32 2 0 1

2 7 19
945 636 18
802 546 1
765 543
492 375
878 362
871 820
544 524
803 983
690 970
4 2 0 1

11 39 114
468 683 15
701 255 19
657 662 18
498 421 10
917 196 17
411 137 4
730 695 13
71 146 1
52 727 2
717 584 14
133 107 1
597 599
341 876
838 278
594 912
240 608
346 590
259 283
677 328
872 414
129 545
745 590
169 337
883 728
413 7
325 822
466 431
850 203
329 995
815 993
330 761
332 333
543 306
864 923
373 730
817 903
4 321
641 431
659 53
555 128
472 801
386 681
833 828
753 459
101 231
351 869
554 484
929 180
177 543
824 573
25 2 0 1

6 25 73
708 297 20
954 309 4
87 704 3
427 641 10
874 295 19
421 280 17
981 748
807 571
318 236
690 777
37 162
246 947
298 128
806 257
243 491
697 671
3 231
790 735
261 98
823 808
729 947
191 842
844 41
212 745
897 372
292 399
132 217
165 598
699 990
274 222
990 381
15 2 0 1

6 26 75
595 766 13
257 226 4
646 701 12
981 7 13
718 808 14
586 575 19
405 33
877 712
837 313
75 386
95 530
964 367
271 81
158 346
772 488
226 678
895 769
438 239
653 181
903 731
44 659
46 97
699 849
834 531
269 691
44 918
812 555
507 102
549 126
576 651
864 190
362 645
16 2 0 1

11 35 102
96 815 18
661 178 16
411 582 15
31 659 4
933 242 1
688 103 0
1 997 9
225 256 14
11 70 2
263 329 17
520 572 6
348 527
961 776
751 645
475 335
185 739
973 30
691 836
137 730
709 612
675 563
459 72
444 559
571 778
655 585
8 72
929 716
738 440
462 232
875 8
603 886
987 347
204 694
734 50
614 454
347 29
954 116
183 933
205 423
226 214
464 19
40 537
68 615
463 637
116 654
580 511
23 2 0 1

15 50 147
66 160 7
947 824 11
599 234 16
517 197 8
630 87 18
3 97 4
739 813 7
725 721 13
110 92 0
702 154 9
937 249 14
424 198 6
525 373 10
812 296 10
260 1000 14
816 107
170 108
557 417
188 774
512 617
820 434
490 625
411 754
736 254
542 791
849 382
246 323
632 115
8 362
436 332
980 472
205 191
300 95
595 855
671 513
592 517
377 50
805 139
417 855
814 10
308 887
44 105
413 866
830 201
118 434
988 836
590 375
171 703
664 537
30 286
329 572
360 603
419 358
532 728
322 970
511 140
128 743
660 217
512 873
695 138
702 612
852 791
399 285
469 659
722 102
32 2 0 1

14 38 113
516 901 15
225 948 7
335 14 8
189 722 4
546 346 3
23 596 2
810 278 1
807 338 2
343 868 20
772 427 0
39 471 18
55 106 10
511 135 12
626 271 11
80 533
567 346
311 51
121 654
659 27
437 800
932 987
731 493
785 867
331 676
614 721
962 294
302 717
641 969
35 93
249 778
799 66
682 723
376 305
836 61
711 522
598 380
138 209
944 649
527 630
186 827
766 434
30 220
58 314
924 539
631 347
736 975
269 179
685 302
6 124
510 419
596 861
109 289
26 2 0 1

5 14 40
344 239 9
403 858 11
175 262 17
968 704 1
459 469 2
36 404
420 55
906 682
473 825
725 113
818 520
330 37
643 930
544 103
789 628
848 300
844 929
907 625
957 604
9 2 0 1

15 47 139
184 938 14
179 842 15
79 336 6
826 774 1
650 36 16
337 523 16
800 687 3
60 350 19
313 736 15
965 258 3
539 946 6
761 465 11
186 768 9
131 334 0
103 61 5
463 715
90 2
245 541
330 907
832 552
216 290
30 595
49 211
579 439
831 398
349 307
257 479
846 154
869 403
478 671
242 594
728 390
212 620
547 974
942 689
236 258
320 424
481 226
864 593
739 716
282 853
246 161
510 262
616 198
191 613
42 901
721 388
807 286
377 44
996 164
52 867
62 441
291 754
369 30
89 35
842 939
699 683
141 824
950 229
734 766
994 467
340 159
31 2 0 1

10 41 122
151 804 20
544 208 18
493 14 2
688 917 14
798 373 12
54 571 6
278 379 18
273 123 6
881 957 15
451 584 11
767 916
116 280
871 486
775 44
335 857
3 759
182 28
579 571
329 869
323 814
515 373
823 116
19 789
449 809
879 661
623 665
179 635
295 558
207 447
208 263
562 716
765 441
524 121
276 507
288 760
469 429
65 610
527 432
56 283
984 334
610 717
350 361
634 937
312 551
40 40
493 352
110 27
250 389
250 639
302 380
488 12
25 2 0 1

13 64 191
47 413 11
312 347 18
68 589 14
483 975 19
919 749 19
878 752 11
977 378 13
912 641 0
505 606 20
924 108 20
361 239 20
974 217 6
466 698 20
958 485
576 248
826 551
253 978
537 109
65 809
269 491
824 481
679 331
717 708
393 89
303 161
707 658
559 793
762 800
618 48
602 620
914 621
246 123
187 580
498 468
211 653
473 961
661 511
886 605
819 947
324 79
464 583
680 454
706 887
619 854
612 441
133 908
551 644
843 60
676 612
127 235
746 847
37 706
127 61
9 39
840 767
753 934
861 256
176 154
918 644
981 319
658 128
487 14
836 427
466 492
263 67
743 586
798 787
156 651
76 401
708 784
791 161
998 540
838 235
733 31
424 204
75 216
627 893
38 2 0 1

8 33 97
845 652 18
773 649 17
676 716 13
898 448 0
507 17 16
192 80 12
441 355 16
207 14 5
224 784
286 557
213 849
712 490
436 988
351 585
67 259
878 590
992 218
876 725
141 121
101 865
237 609
769 452
69 542
511 225
197 327
787 594
906 514
681 575
509 852
203 924
58 406
53 160
106 532
263 139
751 123
281 883
695 667
266 457
383 54
724 948
997 545
20 2 0 1

14 43 127
516 603 17
549 29 4
203 566 13
910 848 7
933 889 12
607 346 10
939 88 17
142 951 19
551 342 13
898 397 0
91 230 2
622 716 9
379 594 3
970 154 1
775 809
451 779
734 253
6 985
285 932
547 281
768 4
942 6
959 505
563 946
404 176
425 294
594 255
920 983
33 875
274 135
400 485
314 315
287 884
202 127
252 326
891 733
181 689
576 649
926 92
865 624
861 451
537 578
281 278
189 345
992 749
157 436
624 682
956 431
853 910
966 845
434 378
327 505
468 333
445 496
601 785
408 739
654 26
28 2 0 1

6 22 64
991 24 16
351 722 19
769 44 8
366 238 0
694 859 16
243 218 5
976 256
943 754
857 29
820 672
384 588
966 836
991 561
692 725
991 503
98 642
910 657
419 782
225 102
337 611
607 661
543 106
892 471
368 847
146 313
767 553
466 893
920 308
14 2 0 1

6 17 50
527 894 10
337 2 11
841 483 1
750 746 2
899 137 19
869 63 7
247 304
930 640
713 701
781 630
71 5
92 609
871 138
909 813
835 899
594 93
970 894
841 903
1 735
706 393
670 593
886 665
865 322
11 2 0 1

5 20 59
809 862 19
733 90 9
259 661 11
682 315 15
911 485 5
254 366
640 751
861 806
944 785
744 88
877 236
411 273
103 814
471 876
938 899
240 593
663 475
840 382
387 465
759 749
785 765
767 117
4 361
832 604
654 688
12 2 0 1

4 20 59
909 424 18
759 988 17
368 457 4
649 170 20
886 496
778 548
954 359
10 816
260 882
418 794
47 757
771 909
740 759
608 133
49 983
456 861
510 894
371 223
804 174
699 841
655 618
234 453
27 677
356 497
12 2 0 1

8 24 69
924 214 2
113 669 3
437 930 1
121 424 14
627 851 18
531 817 20
802 148 11
178 155 0
91 440
858 90
49 674
265 356
79 407
722 668
552 968
44 165
226 519
33 731
862 324
22 389
862 398
768 981
146 646
124 721
395 502
884 708
182 514
679 562
943 84
816 766
59 519
282 922
16 2 0 1

4 13 36
112 728 3
147 58 4
630 687 17
894 458 12
531 14
35 728
144 32
576 411
870 429
564 980
230 881
972 552
972 46
667 140
64 735
568 960
765 200
8 2 0 1

9 27 79
235 947 18
767 992 12
770 728 19
56 439 1
927 473 5
624 219 10
205 749 7
796 921 5
574 905 2
544 271
388 49
242 361
603 92
289 597
488 630
944 934
720 602
257 208
68 139
695 455
227 974
900 124
803 686
292 816
686 956
33 690
657 294
86 437
112 165
335 913
496 845
93 206
602 479
583 641
951 729
693 700
18 2 0 1

13 46 137
892 403 5
634 622 19
872 67 7
332 739 13
69 109 16
571 435 3
862 668 11
988 241 11
940 870 17
570 48 8
299 348 0
730 794 9
792 742 18
755 164
572 547
463 343
688 968
989 110
896 621
787 519
589 55
49 606
808 930
31 669
431 448
39 889
613 898
151 356
814 182
923 971
87 555
79 803
256 859
986 492
683 241
721 403
39 725
463 744
50 825
549 75
828 21
204 476
388 973
900 822
71 233
493 696
514 157
148 146
481 297
244 212
957 296
1 401
247 470
424 269
842 807
485 223
16 604
48 784
492 115
29 2 0 1

1 5 12
453 608 12
943 250
153 483
591 303
776 327
670 978
3 2 0 1

4 12 34
325 430 18
888 676 13
28 286 0
475 747 3
8 128
312 335
489 856
109 338
70 685
484 543
248 170
931 361
791 520
908 47
565 967
821 162
8 2 0 1

14 47 140
770 649 17
615 503 8
707 117 10
741 208 20
874 629 2
753 935 20
872 832 3
288 834 15
963 153 5
922 216 8
527 460 14
19 858 3
435 766 4
302 584 11
866 410
175 878
852 431
851 669
993 762
142 12
92 863
90 819
284 242
72 706
829 964
3 785
901 876
122 16
791 43
705 124
423 478
225 365
802 907
503 698
848 636
636 330
304 869
397 505
942 190
820 536
769 949
579 787
105 376
330 134
772 111
498 758
2 421
535 481
127 433
566 504
333 442
469 490
338 780
457 85
678 942
502 826
454 852
518 722
601 597
905 18
473 411
30 2 0 1

4 20 58
597 721 13
4 898 13
277 333 13
691 68 19
558 158
706 861
631 361
540 41
818 847
316 583
165 349
514 437
767 828
960 480
396 749
303 390
657 210
424 94
142 533
785 890
777 76
47 269
919 593
324 471
12 2 0 1

9 35 104
799 553 6
990 972 7
539 976 3
973 301 17
231 475 19
973 286 15
218 366 19
703 97 13
868 145 5
123 108
571 39
643 134
370 617
359 152
504 424
324 899
502 641
206 486
200 978
679 891
264 677
317 436
950 687
777 516
920 689
81 148
520 379
973 695
796 781
257 40
240 636
882 380
856 86
781 315
727 930
378 785
616 610
200 893
170 15
704 279
316 147
999 265
514 961
649 597
22 2 0 1

8 23 67
281 833 12
736 486 9
790 916 14
310 656 7
54 557 8
586 7 6
83 715 7
866 216 4
880 482
130 33
883 927
192 281
353 625
675 974
449 396
730 90
582 174
992 225
518 804
611 773
345 258
32 394
527 279
864 2
998 225
776 509
730 579
64 915
261 184
600 401
47 885
15 2 0 1

15 46 135
148 158 12
510 705 15
144 184 8
139 848 10
538 329 14
542 766 9
487 559 13
774 324 6
582 861 10
414 661 0
423 481 9
919 569 9
366 802 2
275 553 3
80 189 15
15 81
85 853
479 764
455 946
222 550
493 830
112 15
465 758
233 375
225 111
765 93
901 895
665 850
442 376
699 180
470 642
971 543
958 64
707 660
298 866
652 73
425 75
473 677
622 274
119 976
360 725
630 308
9 857
733 643
866 975
993 866
829 915
652 499
630 150
799 455
966 273
830 621
219 9
427 118
273 770
282 304
320 225
565 278
614 550
331 587
660 593
30 2 0 2

9 24 71
920 948 19
123 377 1
503 403 6
537 916 17
807 878 0
345 781 1
757 380 17
829 756 8
641 323 2
802 381
102 135
740 877
280 863
773 251
505 306
183 125
566 114
705 908
698 430
512 216
561 17
685 779
970 868
584 281
771 475
882 453
584 932
534 858
961 551
828 299
454 218
765 252
897 226
16 2 0 2

14 51 151
291 808 5
746 188 4
76 287 20
177 554 18
167 73 20
581 0 15
379 423 6
877 560 10
356 499 3
25 915 3
545 912 6
771 627 10
444 918 17
901 844 14
805 973
794 439
875 29
293 185
272 148
453 127
307 34
26 212
910 74
17 796
248 448
133 551
176 306
36 997
949 869
712 363
855 194
498 960
165 53
473 969
66 426
741 159
44 285
314 38
143 509
393 989
434 130
309 64
881 848
826 622
159 980
995 675
316 674
667 857
808 15
235 20
620 450
408 522
681 531
615 474
658 720
958 126
136 5
438 31
783 412
199 288
573 810
506 867
871 539
610 364
180 856
32 2 0 2

2 7 19
945 636 18
802 546 1
765 543
492 375
878 362
871 820
544 524
803 983
690 970
4 2 0 2

11 39 114
468 683 15
701 255 19
657 662 18
498 421 10
917 196 17
411 137 4
730 695 13
71 146 1
52 727 2
717 584 14
133 107 1
597 599
341 876
838 278
594 912
240 608
346 590
259 283
677 328
872 414
129 545
745 590
169 337
883 728
413 7
325 822
466 431
850 203
329 995
815 993
330 761
332 333
543 306
864 923
373 730
817 903
4 321
641 431
659 53
555 128
472 801
386 681
833 828
753 459
101 231
351 869
554 484
929 180
177 543
824 573
25 2 0 2

6 25 73
708 297 20
954 309 4
87 704 3
427 641 10
874 295 19
421 280 17
981 748
807 571
318 236
690 777
37 162
246 947
298 128
806 257
243 491
697 671
3 231
790 735
261 98
823 808
729 947
191 842
844 41
212 745
897 372
292 399
132 217
165 598
699 990
274 222
990 381
15 2 0 2

6 26 75
595 766 13
257 226 4
646 701 12
981 7 13
718 808 14
586 575 19
405 33
877 712
837 313
75 386
95 530
964 367
271 81
158 346
772 488
226 678
895 769
438 239
653 181
903 731
44 659
46 97
699 849
834 531
269 691
44 918
812 555
507 102
549 126
576 651
864 190
362 645
16 2 0 2

11 35 102
96 815 18
661 178 16
411 582 15
31 659 4
933 242 1
688 103 0
1 997 9
225 256 14
11 70 2
263 329 17
520 572 6
348 527
961 776
751 645
475 335
185 739
973 30
691 836
137 730
709 612
675 563
459 72
444 559
571 778
655 585
8 72
929 716
738 440
462 232
875 8
603 886
987 347
204 694
734 50
614 454
347 29
954 116
183 933
205 423
226 214
464 19
40 537
68 615
463 637
116 654
580 511
23 2 0 2

15 50 147
66 160 7
947 824 11
599 234 16
517 197 8
630 87 18
3 97 4
739 813 7
725 721 13
110 92 0
702 154 9
937 249 14
424 198 6
525 373 10
812 296 10
260 1000 14
816 107
170 108
557 417
188 774
512 617
820 434
490 625
411 754
736 254
542 791
849 382
246 323
632 115
8 362
436 332
980 472
205 191
300 95
595 855
671 513
592 517
377 50
805 139
417 855
814 10
308 887
44 105
413 866
830 201
118 434
988 836
590 375
171 703
664 537
30 286
329 572
360 603
419 358
532 728
322 970
511 140
128 743
660 217
512 873
695 138
702 612
852 791
399 285
469 659
722 102
32 2 0 2

14 38 113
516 901 15
225 948 7
335 14 8
189 722 4
546 346 3
23 596 2
810 278 1
807 338 2
343 868 20
772 427 0
39 471 18
55 106 10
511 135 12
626 271 11
80 533
567 346
311 51
121 654
659 27
437 800
932 987
731 493
785 867
331 676
614 721
962 294
302 717
641 969
35 93
249 778
799 66
682 723
376 305
836 61
711 522
598 380
138 209
944 649
527 630
186 827
766 434
30 220
58 314
924 539
631 347
736 975
269 179
685 302
6 124
510 419
596 861
109 289
26 2 0 2

5 14 40
344 239 9
403 858 11
175 262 17
968 704 1
459 469 2
36 404
420 55
906 682
473 825
725 113
818 520
330 37
643 930
544 103
789 628
848 300
844 929
907 625
957 604
9 2 0 2

15 47 139
184 938 14
179 842 15
79 336 6
826 774 1
650 36 16
337 523 16
800 687 3
60 350 19
313 736 15
965 258 3
539 946 6
761 465 11
186 768 9
131 334 0
103 61 5
463 715
90 2
245 541
330 907
832 552
216 290
30 595
49 211
579 439
831 398
349 307
257 479
846 154
869 403
478 671
242 594
728 390
212 620
547 974
942 689
236 258
320 424
481 226
864 593
739 716
282 853
246 161
510 262
616 198
191 613
42 901
721 388
807 286
377 44
996 164
52 867
62 441
291 754
369 30
89 35
842 939
699 683
141 824
950 229
734 766
994 467
340 159
31 2 0 2

10 41 122
151 804 20
544 208 18
493 14 2
688 917 14
798 373 12
54 571 6
278 379 18
273 123 6
881 957 15
451 584 11
767 916
116 280
871 486
775 44
335 857
3 759
182 28
579 571
329 869
323 814
515 373
823 116
19 789
449 809
879 661
623 665
179 635
295 558
207 447
208 263
562 716
765 441
524 121
276 507
288 760
469 429
65 610
527 432
56 283
984 334
610 717
350 361
634 937
312 551
40 40
493 352
110 27
250 389
250 639
302 380
488 12
25 2 0 2

13 64 191
47 413 11
312 347 18
68 589 14
483 975 19
919 749 19
878 752 11
977 378 13
912 641 0
505 606 20
924 108 20
361 239 20
974 217 6
466 698 20
958 485
576 248
826 551
253 978
537 109
65 809
269 491
824 481
679 331
717 708
393 89
303 161
707 658
559 793
762 800
618 48
602 620
914 621
246 123
187 580
498 468
211 653
473 961
661 511
886 605
819 947
324 79
464 583
680 454
706 887
619 854
612 441
133 908
551 644
843 60
676 612
127 235
746 847
37 706
127 61
9 39
840 767
753 934
861 256
176 154
918 644
981 319
658 128
487 14
836 427
466 492
263 67
743 586
798 787
156 651
76 401
708 784
791 161
998 540
838 235
733 31
424 204
75 216
627 893
38 2 0 2

8 33 97
845 652 18
773 649 17
676 716 13
898 448 0
507 17 16
192 80 12
441 355 16
207 14 5
224 784
286 557
213 849
712 490
436 988
351 585
67 259
878 590
992 218
876 725
141 121
101 865
237 609
769 452
69 542
511 225
197 327
787 594
906 514
681 575
509 852
203 924
58 406
53 160
106 532
263 139
751 123
281 883
695 667
266 457
383 54
724 948
997 545
20 2 0 2

14 43 127
516 603 17
549 29 4
203 566 13
910 848 7
933 889 12
607 346 10
939 88 17
142 951 19
551 342 13
898 397 0
91 230 2
622 716 9
379 594 3
970 154 1
775 809
451 779
734 253
6 985
285 932
547 281
768 4
942 6
959 505
563 946
404 176
425 294
594 255
920 983
33 875
274 135
400 485
314 315
287 884
202 127
252 326
891 733
181 689
576 649
926 92
865 624
861 451
537 578
281 278
189 345
992 749
157 436
624 682
956 431
853 910
966 845
434 378
327 505
468 333
445 496
601 785
408 739
654 26
28 2 0 2

6 22 64
991 24 16
351 722 19
769 44 8
366 238 0
694 859 16
243 218 5
976 256
943 754
857 29
820 672
384 588
966 836
991 561
692 725
991 503
98 642
910 657
419 782
225 102
337 611
607 661
543 106
892 471
368 847
146 313
767 553
466 893
920 308
14 2 0 2

6 17 50
527 894 10
337 2 11
841 483 1
750 746 2
899 137 19
869 63 7
247 304
930 640
713 701
781 630
71 5
92 609
871 138
909 813
835 899
594 93
970 894
841 903
1 735
706 393
670 593
886 665
865 322
11 2 0 2

5 20 59
809 862 19
733 90 9
259 661 11
682 315 15
911 485 5
254 366
640 751
861 806
944 785
744 88
877 236
411 273
103 814
471 876
938 899
240 593
663 475
840 382
387 465
759 749
785 765
767 117
4 361
832 604
654 688
12 2 0 2

4 20 59
909 424 18
759 988 17
368 457 4
649 170 20
886 496
778 548
954 359
10 816
260 882
418 794
47 757
771 909
740 759
608 133
49 983
456 861
510 894
371 223
804 174
699 841
655 618
234 453
27 677
356 497
12 2 0 2

8 24 69
924 214 2
113 669 3
437 930 1
121 424 14
627 851 18
531 817 20
802 148 11
178 155 0
91 440
858 90
49 674
265 356
79 407
722 668
552 968
44 165
226 519
33 731
862 324
22 389
862 398
768 981
146 646
124 721
395 502
884 708
182 514
679 562
943 84
816 766
59 519
282 922
16 2 0 2

4 13 36
112 728 3
147 58 4
630 687 17
894 458 12
531 14
35 728
144 32
576 411
870 429
564 980
230 881
972 552
972 46
667 140
64 735
568 960
765 200
8 2 0 2

9 27 79
235 947 18
767 992 12
770 728 19
56 439 1
927 473 5
624 219 10
205 749 7
796 921 5
574 905 2
544 271
388 49
242 361
603 92
289 597
488 630
944 934
720 602
257 208
68 139
695 455
227 974
900 124
803 686
292 816
686 956
33 690
657 294
86 437
112 165
335 913
496 845
93 206
602 479
583 641
951 729
693 700
18 2 0 2

13 46 137
892 403 5
634 622 19
872 67 7
332 739 13
69 109 16
571 435 3
862 668 11
988 241 11
940 870 17
570 48 8
299 348 0
730 794 9
792 742 18
755 164
572 547
463 343
688 968
989 110
896 621
787 519
589 55
49 606
808 930
31 669
431 448
39 889
613 898
151 356
814 182
923 971
87 555
79 803
256 859
986 492
683 241
721 403
39 725
463 744
50 825
549 75
828 21
204 476
388 973
900 822
71 233
493 696
514 157
148 146
481 297
244 212
957 296
1 401
247 470
424 269
842 807
485 223
16 604
48 784
492 115
29 2 0 2

1 5 12
453 608 12
943 250
153 483
591 303
776 327
670 978
3 2 0 2

4 12 34
325 430 18
888 676 13
28 286 0
475 747 3
8 128
312 335
489 856
109 338
70 685
484 543
248 170
931 361
791 520
908 47
565 967
821 162
8 2 0 2

14 47 140
770 649 17
615 503 8
707 117 10
741 208 20
874 629 2
753 935 20
872 832 3
288 834 15
963 153 5
922 216 8
527 460 14
19 858 3
435 766 4
302 584 11
866 410
175 878
852 431
851 669
993 762
142 12
92 863
90 819
284 242
72 706
829 964
3 785
901 876
122 16
791 43
705 124
423 478
225 365
802 907
503 698
848 636
636 330
304 869
397 505
942 190
820 536
769 949
579 787
105 376
330 134
772 111
498 758
2 421
535 481
127 433
566 504
333 442
469 490
338 780
457 85
678 942
502 826
454 852
518 722
601 597
905 18
473 411
30 2 0 2

4 20 58
597 721 13
4 898 13
277 333 13
691 68 19
558 158
706 861
631 361
540 41
818 847
316 583
165 349
514 437
767 828
960 480
396 749
303 390
657 210
424 94
142 533
785 890
777 76
47 269
919 593
324 471
12 2 0 2

9 35 104
799 553 6
990 972 7
539 976 3
973 301 17
231 475 19
973 286 15
218 366 19
703 97 13
868 145 5
123 108
571 39
643 134
370 617
359 152
504 424
324 899
502 641
206 486
200 978
679 891
264 677
317 436
950 687
777 516
920 689
81 148
520 379
973 695
796 781
257 40
240 636
882 380
856 86
781 315
727 930
378 785
616 610
200 893
170 15
704 279
316 147
999 265
514 961
649 597
22 2 0 2

8 23 67
281 833 12
736 486 9
790 916 14
310 656 7
54 557 8
586 7 6
83 715 7
866 216 4
880 482
130 33
883 927
192 281
353 625
675 974
449 396
730 90
582 174
992 225
518 804
611 773
345 258
32 394
527 279
864 2
998 225
776 509
730 579
64 915
261 184
600 401
47 885
15 2 0 2

