11 41 120
300 603 19
771 417 11
733 515 5
726 24 15
709 616 3
999 244 5
959 688 11
99 309 16
462 681 17
83 937 7
278 14 11
479 881
555 724
652 477
552 230
924 18
458 12
551 737
321 233
236 544
516 897
97 437
533 287
974 638
473 740
983 740
603 416
826 551
284 927
91 941
172 460
215 436
398 571
421 943
990 225
380 423
856 385
73 918
568 739
982 595
115 809
739 570
763 750
49 984
658 484
228 939
133 462
417 562
636 215
697 837
105 29
591 726
0 1 15 1

9 32 94
300 603 19
771 417 11
733 515 5
726 24 15
709 616 3
999 244 5
959 688 11
99 309 16
462 681 17
747 172
362 969
810 466
337 848
494 916
232 830
814 802
0 498
924 342
837 672
153 571
106 118
822 934
943 973
603 894
193 66
980 489
569 613
34 748
787 948
731 275
715 816
387 547
508 146
622 921
429 729
165 866
820 735
684 350
603 624
639 924
615 431
0 1 15 1

7 30 87
300 603 19
771 417 11
733 515 5
726 24 15
709 616 3
999 244 5
959 688 11
738 318
274 532
244 692
828 708
927 681
503 490
65 95
766 824
376 400
182 668
985 810
632 361
775 141
900 369
561 580
156 305
156 235
884 151
953 526
830 455
209 937
655 59
935 194
333 961
885 93
839 335
328 767
26 404
201 311
35 953
0 1 15 1

14 58 172
300 603 19
771 417 11
733 515 5
726 24 15
709 616 3
999 244 5
959 688 11
99 309 16
462 681 17
83 937 7
278 14 11
60 229 18
21 976 12
958 230 1
60 858
694 163
456 946
444 944
318 471
775 805
555 614
726 603
729 488
498 629
642 91
327 749
574 8
8 808
66 711
985 198
754 973
774 532
584 900
24 303
691 708
755 72
522 686
989 237
278 757
427 5
312 217
109 299
403 47
997 943
285 231
876 909
845 555
908 518
683 239
983 172
997 867
924 365
218 763
614 734
927 1
961 965
513 303
530 900
458 554
393 115
604 343
101 465
525 845
94 476
811 141
317 946
117 960
723 339
806 169
380 987
514 264
257 135
0 1 15 1

1 6 16
300 603 19
894 298
441 750
644 956
542 124
1000 665
842 251
0 1 15 1

1 7 18
300 603 19
245 2
895 9
988 909
167 574
732 781
395 610
695 635
0 1 15 1

10 39 114
300 603 19
771 417 11
733 515 5
726 24 15
709 616 3
999 244 5
959 688 11
99 309 16
462 681 17
83 937 7
542 480
406 41
719 462
600 844
831 484
116 117
872 695
506 771
418 763
762 237
73 28
699 412
754 985
951 914
189 414
690 944
817 488
525 584
636 600
155 411
366 113
570 957
531 528
53 772
598 931
782 181
345 184
523 253
535 609
623 218
398 207
7 210
451 290
217 584
844 269
353 108
3 249
230 730
997 407
0 1 15 1

7 21 62
300 603 19
771 417 11
733 515 5
726 24 15
709 616 3
999 244 5
959 688 11
339 854
152 321
291 216
93 919
127 184
566 323
519 610
569 113
823 876
142 165
773 666
368 810
392 934
689 969
971 301
757 919
236 138
722 332
179 737
305 804
789 883
0 1 15 1

2 4 10
300 603 19
771 417 11
599 115
792 224
479 567
701 5
0 1 15 1

6 18 51
300 603 19
771 417 11
733 515 5
726 24 15
709 616 3
999 244 5
81 852
962 700
776 702
224 583
626 668
458 488
516 139
131 683
263 565
680 53
116 460
263 971
478 919
701 102
124 80
882 12
195 725
630 1000
0 1 15 1

7 22 63
300 603 19
771 417 11
733 515 5
726 24 15
709 616 3
999 244 5
959 688 11
402 153
197 31
404 340
916 524
719 518
315 438
146 181
98 379
106 25
524 937
596 152
820 600
706 751
58 365
184 139
257 315
697 473
523 365
169 145
517 938
824 787
806 638
0 1 15 1

12 30 89
300 603 19
771 417 11
733 515 5
726 24 15
709 616 3
999 244 5
959 688 11
99 309 16
462 681 17
83 937 7
278 14 11
60 229 18
559 170
164 167
877 864
770 891
364 78
266 408
549 811
846 308
245 75
237 466
376 110
545 152
85 542
867 627
211 542
739 236
485 308
775 178
516 910
239 557
994 907
661 823
905 778
10 531
235 949
662 550
43 673
440 490
890 170
450 323
0 1 15 1

11 36 106
300 603 19
771 417 11
733 515 5
726 24 15
709 616 3
999 244 5
959 688 11
99 309 16
462 681 17
83 937 7
278 14 11
318 775
860 562
323 593
377 509
690 239
256 488
961 170
340 911
444 337
261 248
182 617
1 863
882 28
42 458
776 311
490 291
608 508
838 396
636 826
921 783
47 280
863 472
771 303
111 985
409 939
898 450
123 718
146 500
463 28
386 442
257 211
340 236
658 204
628 689
445 639
115 650
0 1 15 1

15 57 170
300 603 19
771 417 11
733 515 5
726 24 15
709 616 3
999 244 5
959 688 11
99 309 16
462 681 17
83 937 7
278 14 11
60 229 18
21 976 12
958 230 1
240 218 3
310 509
556 867
433 600
943 693
683 386
170 637
45 506
340 768
414 380
923 304
463 712
663 869
666 563
374 754
863 964
366 103
985 160
820 227
729 161
621 470
657 423
944 280
333 14
303 511
714 172
827 643
674 895
649 831
391 602
54 710
376 82
860 871
316 868
818 549
490 584
718 749
176 211
534 289
1 644
819 899
266 288
784 603
619 378
36 719
844 568
259 188
96 54
221 13
919 236
732 979
36 383
174 320
752 873
383 683
531 573
543 623
510 17
0 1 15 1

15 46 135
300 603 19
771 417 11
733 515 5
726 24 15
709 616 3
999 244 5
959 688 11
99 309 16
462 681 17
83 937 7
278 14 11
60 229 18
21 976 12
958 230 1
240 218 3
869 289
428 377
626 516
20 587
6 307
723 650
943 177
228 857
720 885
11 829
187 995
322 109
10 515
292 962
710 130
571 591
709 89
106 609
947 865
150 193
864 819
591 317
153 379
323 286
118 224
218 443
643 368
328 854
262 377
294 167
864 501
446 637
434 279
983 104
426 418
539 88
107 40
454 334
197 697
478 179
897 310
157 189
474 965
545 799
522 858
5 991
0 1 15 1

3 11 30
300 603 19
771 417 11
733 515 5
234 55
245 70
468 523
771 791
629 694
165 911
953 979
692 18
53 314
519 218
633 841
0 1 15 1

8 35 103
300 603 19
771 417 11
733 515 5
726 24 15
709 616 3
999 244 5
959 688 11
99 309 16
557 481
261 594
471 396
972 479
276 947
883 648
189 763
427 92
501 501
106 242
195 624
45 361
789 666
879 136
358 142
8 501
805 245
359 242
53 392
593 870
966 605
696 580
297 925
610 73
604 527
896 801
614 963
578 16
492 506
91 378
383 413
982 996
391 304
717 510
678 630
0 1 15 1

4 19 54
300 603 19
771 417 11
733 515 5
726 24 15
1000 741
177 103
965 960
862 737
685 18
574 596
205 281
169 586
824 975
664 95
120 328
88 936
892 775
6 681
469 506
897 624
606 908
857 889
879 338
0 1 15 1

8 37 108
300 603 19
771 417 11
733 515 5
726 24 15
709 616 3
999 244 5
959 688 11
99 309 16
930 910
229 844
986 320
481 67
332 793
59 323
539 760
462 821
770 770
444 381
28 660
78 510
37 263
364 336
198 916
812 629
694 29
456 827
117 437
495 47
715 921
997 264
495 956
833 581
559 819
353 975
179 388
591 954
307 783
739 161
89 447
739 314
597 372
819 889
284 591
581 610
824 790
0 1 15 1

14 54 160
300 603 19
771 417 11
733 515 5
726 24 15
709 616 3
999 244 5
959 688 11
99 309 16
462 681 17
83 937 7
278 14 11
60 229 18
21 976 12
958 230 1
751 941
415 219
448 166
393 145
974 57
860 519
742 710
746 936
222 340
847 774
90 243
353 463
871 282
639 501
894 505
52 24
736 166
693 451
577 494
413 328
352 673
520 717
124 708
669 20
219 693
279 70
422 679
942 854
633 578
145 27
65 221
334 113
795 306
682 591
251 700
204 707
608 161
645 685
225 85
330 929
428 943
834 305
630 204
407 189
300 452
432 226
240 968
676 101
252 133
366 837
101 606
928 395
578 84
51 956
0 1 15 1

9 26 75
300 603 19
771 417 11
733 515 5
726 24 15
709 616 3
999 244 5
959 688 11
99 309 16
462 681 17
453 155
37 806
301 522
353 644
130 526
380 379
363 393
518 859
442 539
458 540
187 768
603 761
612 878
25 836
610 499
446 312
851 38
978 128
959 975
731 882
708 812
768 855
506 202
217 486
568 889
722 42
0 1 15 1

7 25 74
300 603 19
771 417 11
733 515 5
726 24 15
709 616 3
999 244 5
959 688 11
560 651
461 327
906 395
322 75
800 817
203 469
607 928
819 578
262 848
905 197
779 625
543 296
86 958
311 929
329 661
912 421
276 618
583 112
272 967
888 295
157 694
622 532
552 260
176 331
480 946
0 1 15 1

2 6 16
300 603 19
771 417 11
756 183
516 251
775 553
716 567
76 645
987 323
0 1 15 1

8 35 102
300 603 19
771 417 11
733 515 5
726 24 15
709 616 3
999 244 5
959 688 11
99 309 16
851 836
337 467
329 137
369 890
796 646
975 521
917 894
132 767
961 157
366 657
448 40
455 941
402 428
859 988
650 838
617 229
114 626
955 657
61 295
493 1
485 483
855 234
50 334
991 244
107 145
535 283
880 517
598 551
732 589
481 804
909 176
118 967
298 121
837 331
514 639
0 1 15 1

3 7 19
300 603 19
771 417 11
733 515 5
537 229
413 278
472 629
634 663
113 814
407 963
77 10
0 1 15 1

5 9 26
300 603 19
771 417 11
733 515 5
726 24 15
709 616 3
19 869
282 444
193 169
395 973
98 526
836 355
313 749
341 449
7 956
0 1 15 1

11 32 94
300 603 19
771 417 11
733 515 5
726 24 15
709 616 3
999 244 5
959 688 11
99 309 16
462 681 17
83 937 7
278 14 11
332 874
781 264
984 337
378 597
183 165
104 37
176 16
370 780
318 404
532 6
412 269
418 218
228 119
7 543
385 7
139 297
1000 976
659 910
0 798
491 118
261 440
732 244
718 831
378 316
184 285
40 158
582 567
338 339
60 347
975 43
886 217
97 362
0 1 15 1

1 6 16
300 603 19
116 758
738 84
680 700
350 437
211 158
60 218
0 1 15 1

14 51 152
300 603 19
771 417 11
733 515 5
726 24 15
709 616 3
999 244 5
959 688 11
99 309 16
462 681 17
83 937 7
278 14 11
60 229 18
21 976 12
958 230 1
902 466
544 834
288 792
939 792
69 264
857 7
963 284
627 559
214 596
597 20
692 506
176 901
475 502
365 736
79 689
149 691
805 980
84 359
716 553
709 328
825 681
981 674
711 206
712 72
806 587
672 604
210 100
398 898
379 293
54 445
589 559
485 329
888 716
537 153
608 714
107 480
23 517
758 838
153 698
70 302
117 615
521 537
263 784
919 82
100 362
738 397
667 635
174 478
362 864
883 19
100 131
0 1 15 1

15 50 149
300 603 19
771 417 11
733 515 5
726 24 15
709 616 3
999 244 5
959 688 11
99 309 16
462 681 17
83 937 7
278 14 11
60 229 18
21 976 12
958 230 1
240 218 3
805 644
877 970
320 121
775 878
845 324
944 839
998 322
957 586
237 496
560 500
304 437
807 874
487 674
736 992
282 368
260 923
791 928
575 154
308 614
566 465
490 319
999 739
218 658
707 511
591 846
839 593
222 44
673 643
126 59
994 786
795 434
988 638
249 966
861 800
573 687
425 719
228 123
964 321
361 287
210 950
694 434
533 257
240 642
965 109
924 545
221 936
582 533
864 687
986 823
852 41
0 1 15 1

11 41 120
300 603 19
771 417 11
733 515 5
726 24 15
709 616 3
999 244 5
959 688 11
99 309 16
462 681 17
83 937 7
278 14 11
479 881
555 724
652 477
552 230
924 18
458 12
551 737
321 233
236 544
516 897
97 437
533 287
974 638
473 740
983 740
603 416
826 551
284 927
91 941
172 460
215 436
398 571
421 943
990 225
380 423
856 385
73 918
568 739
982 595
115 809
739 570
763 750
49 984
658 484
228 939
133 462
417 562
636 215
697 837
105 29
591 726
0 1 15 2

9 32 94
300 603 19
771 417 11
733 515 5
726 24 15
709 616 3
999 244 5
959 688 11
99 309 16
462 681 17
747 172
362 969
810 466
337 848
494 916
232 830
814 802
0 498
924 342
837 672
153 571
106 118
822 934
943 973
603 894
193 66
980 489
569 613
34 748
787 948
731 275
715 816
387 547
508 146
622 921
429 729
165 866
820 735
684 350
603 624
639 924
615 431
0 1 15 2

7 30 87
300 603 19
771 417 11
733 515 5
726 24 15
709 616 3
999 244 5
959 688 11
738 318
274 532
244 692
828 708
927 681
503 490
65 95
766 824
376 400
182 668
985 810
632 361
775 141
900 369
561 580
156 305
156 235
884 151
953 526
830 455
209 937
655 59
935 194
333 961
885 93
839 335
328 767
26 404
201 311
35 953
0 1 15 2

14 58 172
300 603 19
771 417 11
733 515 5
726 24 15
709 616 3
999 244 5
959 688 11
99 309 16
462 681 17
83 937 7
278 14 11
60 229 18
21 976 12
958 230 1
60 858
694 163
456 946
444 944
318 471
775 805
555 614
726 603
729 488
498 629
642 91
327 749
574 8
8 808
66 711
985 198
754 973
774 532
584 900
24 303
691 708
755 72
522 686
989 237
278 757
427 5
312 217
109 299
403 47
997 943
285 231
876 909
845 555
908 518
683 239
983 172
997 867
924 365
218 763
614 734
927 1
961 965
513 303
530 900
458 554
393 115
604 343
101 465
525 845
94 476
811 141
317 946
117 960
723 339
806 169
380 987
514 264
257 135
0 1 15 2

1 6 16
300 603 19
894 298
441 750
644 956
542 124
1000 665
842 251
0 1 15 2

1 7 18
300 603 19
245 2
895 9
988 909
167 574
732 781
395 610
695 635
0 1 15 2

10 39 114
300 603 19
771 417 11
733 515 5
726 24 15
709 616 3
999 244 5
959 688 11
99 309 16
462 681 17
83 937 7
542 480
406 41
719 462
600 844
831 484
116 117
872 695
506 771
418 763
762 237
73 28
699 412
754 985
951 914
189 414
690 944
817 488
525 584
636 600
155 411
366 113
570 957
531 528
53 772
598 931
782 181
345 184
523 253
535 609
623 218
398 207
7 210
451 290
217 584
844 269
353 108
3 249
230 730
997 407
0 1 15 2

7 21 62
300 603 19
771 417 11
733 515 5
726 24 15
709 616 3
999 244 5
959 688 11
339 854
152 321
291 216
93 919
127 184
566 323
519 610
569 113
823 876
142 165
773 666
368 810
392 934
689 969
971 301
757 919
236 138
722 332
179 737
305 804
789 883
0 1 15 2

2 4 10
300 603 19
771 417 11
599 115
792 224
479 567
701 5
0 1 15 2

6 18 51
300 603 19
771 417 11
733 515 5
726 24 15
709 616 3
999 244 5
81 852
962 700
776 702
224 583
626 668
458 488
516 139
131 683
263 565
680 53
116 460
263 971
478 919
701 102
124 80
882 12
195 725
630 1000
0 1 15 2

7 22 63
300 603 19
771 417 11
733 515 5
726 24 15
709 616 3
999 244 5
959 688 11
402 153
197 31
404 340
916 524
719 518
315 438
146 181
98 379
106 25
524 937
596 152
820 600
706 751
58 365
184 139
257 315
697 473
523 365
169 145
517 938
824 787
806 638
0 1 15 2

12 30 89
300 603 19
771 417 11
733 515 5
726 24 15
709 616 3
999 244 5
959 688 11
99 309 16
462 681 17
83 937 7
278 14 11
60 229 18
559 170
164 167
877 864
770 891
364 78
266 408
549 811
846 308
245 75
237 466
376 110
545 152
85 542
867 627
211 542
739 236
485 308
775 178
516 910
239 557
994 907
661 823
905 778
10 531
235 949
662 550
43 673
440 490
890 170
450 323
0 1 15 2

11 36 106
300 603 19
771 417 11
733 515 5
726 24 15
709 616 3
999 244 5
959 688 11
99 309 16
462 681 17
83 937 7
278 14 11
318 775
860 562
323 593
377 509
690 239
256 488
961 170
340 911
444 337
261 248
182 617
1 863
882 28
42 458
776 311
490 291
608 508
838 396
636 826
921 783
47 280
863 472
771 303
111 985
409 939
898 450
123 718
146 500
463 28
386 442
257 211
340 236
658 204
628 689
445 639
115 650
0 1 15 2

15 57 170
300 603 19
771 417 11
733 515 5
726 24 15
709 616 3
999 244 5
959 688 11
99 309 16
462 681 17
83 937 7
278 14 11
60 229 18
21 976 12
958 230 1
240 218 3
310 509
556 867
433 600
943 693
683 386
170 637
45 506
340 768
414 380
923 304
463 712
663 869
666 563
374 754
863 964
366 103
985 160
820 227
729 161
621 470
657 423
944 280
333 14
303 511
714 172
827 643
674 895
649 831
391 602
54 710
376 82
860 871
316 868
818 549
490 584
718 749
176 211
534 289
1 644
819 899
266 288
784 603
619 378
36 719
844 568
259 188
96 54
221 13
919 236
732 979
36 383
174 320
752 873
383 683
531 573
543 623
510 17
0 1 15 2

15 46 135
300 603 19
771 417 11
733 515 5
726 24 15
709 616 3
999 244 5
959 688 11
99 309 16
462 681 17
83 937 7
278 14 11
60 229 18
21 976 12
958 230 1
240 218 3
869 289
428 377
626 516
20 587
6 307
723 650
943 177
228 857
720 885
11 829
187 995
322 109
10 515
292 962
710 130
571 591
709 89
106 609
947 865
150 193
864 819
591 317
153 379
323 286
118 224
218 443
643 368
328 854
262 377
294 167
864 501
446 637
434 279
983 104
426 418
539 88
107 40
454 334
197 697
478 179
897 310
157 189
474 965
545 799
522 858
5 991
0 1 15 2

3 11 30
300 603 19
771 417 11
733 515 5
234 55
245 70
468 523
771 791
629 694
165 911
953 979
692 18
53 314
519 218
633 841
0 1 15 2

8 35 103
300 603 19
771 417 11
733 515 5
726 24 15
709 616 3
999 244 5
959 688 11
99 309 16
557 481
261 594
471 396
972 479
276 947
883 648
189 763
427 92
501 501
106 242
195 624
45 361
789 666
879 136
358 142
8 501
805 245
359 242
53 392
593 870
966 605
696 580
297 925
610 73
604 527
896 801
614 963
578 16
492 506
91 378
383 413
982 996
391 304
717 510
678 630
0 1 15 2

4 19 54
300 603 19
771 417 11
733 515 5
726 24 15
1000 741
177 103
965 960
862 737
685 18
574 596
205 281
169 586
824 975
664 95
120 328
88 936
892 775
6 681
469 506
897 624
606 908
857 889
879 338
0 1 15 2

8 37 108
300 603 19
771 417 11
733 515 5
726 24 15
709 616 3
999 244 5
959 688 11
99 309 16
930 910
229 844
986 320
481 67
332 793
59 323
539 760
462 821
770 770
444 381
28 660
78 510
37 263
364 336
198 916
812 629
694 29
456 827
117 437
495 47
715 921
997 264
495 956
833 581
559 819
353 975
179 388
591 954
307 783
739 161
89 447
739 314
597 372
819 889
284 591
581 610
824 790
0 1 15 2

14 54 160
300 603 19
771 417 11
733 515 5
726 24 15
709 616 3
999 244 5
959 688 11
99 309 16
462 681 17
83 937 7
278 14 11
60 229 18
21 976 12
958 230 1
751 941
415 219
448 166
393 145
974 57
860 519
742 710
746 936
222 340
847 774
90 243
353 463
871 282
639 501
894 505
52 24
736 166
693 451
577 494
413 328
352 673
520 717
124 708
669 20
219 693
279 70
422 679
942 854
633 578
145 27
65 221
334 113
795 306
682 591
251 700
204 707
608 161
645 685
225 85
330 929
428 943
834 305
630 204
407 189
300 452
432 226
240 968
676 101
252 133
366 837
101 606
928 395
578 84
51 956
0 1 15 2

9 26 75
300 603 19
771 417 11
733 515 5
726 24 15
709 616 3
999 244 5
959 688 11
99 309 16
462 681 17
453 155
37 806
301 522
353 644
130 526
380 379
363 393
518 859
442 539
458 540
187 768
603 761
612 878
25 836
610 499
446 312
851 38
978 128
959 975
731 882
708 812
768 855
506 202
217 486
568 889
722 42
0 1 15 2

7 25 74
300 603 19
771 417 11
733 515 5
726 24 15
709 616 3
999 244 5
959 688 11
560 651
461 327
906 395
322 75
800 817
203 469
607 928
819 578
262 848
905 197
779 625
543 296
86 958
311 929
329 661
912 421
276 618
583 112
272 967
888 295
157 694
622 532
552 260
176 331
480 946
0 1 15 2

2 6 16
300 603 19
771 417 11
756 183
516 251
775 553
716 567
76 645
987 323
0 1 15 2

8 35 102
300 603 19
771 417 11
733 515 5
726 24 15
709 616 3
999 244 5
959 688 11
99 309 16
851 836
337 467
329 137
369 890
796 646
975 521
917 894
132 767
961 157
366 657
448 40
455 941
402 428
859 988
650 838
617 229
114 626
955 657
61 295
493 1
485 483
855 234
50 334
991 244
107 145
535 283
880 517
598 551
732 589
481 804
909 176
118 967
298 121
837 331
514 639
0 1 15 2

3 7 19
300 603 19
771 417 11
733 515 5
537 229
413 278
472 629
634 663
113 814
407 963
77 10
0 1 15 2

5 9 26
300 603 19
771 417 11
733 515 5
726 24 15
709 616 3
19 869
282 444
193 169
395 973
98 526
836 355
313 749
341 449
7 956
0 1 15 2

11 32 94
300 603 19
771 417 11
733 515 5
726 24 15
709 616 3
999 244 5
959 688 11
99 309 16
462 681 17
83 937 7
278 14 11
332 874
781 264
984 337
378 597
183 165
104 37
176 16
370 780
318 404
532 6
412 269
418 218
228 119
7 543
385 7
139 297
1000 976
659 910
0 798
491 118
261 440
732 244
718 831
378 316
184 285
40 158
582 567
338 339
60 347
975 43
886 217
97 362
0 1 15 2

1 6 16
300 603 19
116 758
738 84
680 700
350 437
211 158
60 218
0 1 15 2

14 51 152
300 603 19
771 417 11
733 515 5
726 24 15
709 616 3
999 244 5
959 688 11
99 309 16
462 681 17
83 937 7
278 14 11
60 229 18
21 976 12
958 230 1
902 466
544 834
288 792
939 792
69 264
857 7
963 284
627 559
214 596
597 20
692 506
176 901
475 502
365 736
79 689
149 691
805 980
84 359
716 553
709 328
825 681
981 674
711 206
712 72
806 587
672 604
210 100
398 898
379 293
54 445
589 559
485 329
888 716
537 153
608 714
107 480
23 517
758 838
153 698
70 302
117 615
521 537
263 784
919 82
100 362
738 397
667 635
174 478
362 864
883 19
100 131
0 1 15 2

15 50 149
300 603 19
771 417 11
733 515 5
726 24 15
709 616 3
999 244 5
959 688 11
99 309 16
462 681 17
83 937 7
278 14 11
60 229 18
21 976 12
958 230 1
240 218 3
805 644
877 970
320 121
775 878
845 324
944 839
998 322
957 586
237 496
560 500
304 437
807 874
487 674
736 992
282 368
260 923
791 928
575 154
308 614
566 465
490 319
999 739
218 658
707 511
591 846
839 593
222 44
673 643
126 59
994 786
795 434
988 638
249 966
861 800
573 687
425 719
228 123
964 321
361 287
210 950
694 434
533 257
240 642
965 109
924 545
221 936
582 533
864 687
986 823
852 41
0 1 15 2

11 41 120
300 603 19
771 417 11
733 515 5
726 24 15
709 616 3
999 244 5
959 688 11
99 309 16
462 681 17
83 937 7
278 14 11
479 881
555 724
652 477
552 230
924 18
458 12
551 737
321 233
236 544
516 897
97 437
533 287
974 638
473 740
983 740
603 416
826 551
284 927
91 941
172 460
215 436
398 571
421 943
990 225
380 423
856 385
73 918
568 739
982 595
115 809
739 570
763 750
49 984
658 484
228 939
133 462
417 562
636 215
697 837
105 29
591 726
0 2 15 1

9 32 94
300 603 19
771 417 11
733 515 5
726 24 15
709 616 3
999 244 5
959 688 11
99 309 16
462 681 17
747 172
362 969
810 466
337 848
494 916
232 830
814 802
0 498
924 342
837 672
153 571
106 118
822 934
943 973
603 894
193 66
980 489
569 613
34 748
787 948
731 275
715 816
387 547
508 146
622 921
429 729
165 866
820 735
684 350
603 624
639 924
615 431
0 2 15 1

7 30 87
300 603 19
771 417 11
733 515 5
726 24 15
709 616 3
999 244 5
959 688 11
738 318
274 532
244 692
828 708
927 681
503 490
65 95
766 824
376 400
182 668
985 810
632 361
775 141
900 369
561 580
156 305
156 235
884 151
953 526
830 455
209 937
655 59
935 194
333 961
885 93
839 335
328 767
26 404
201 311
35 953
0 2 15 1

14 58 172
300 603 19
771 417 11
733 515 5
726 24 15
709 616 3
999 244 5
959 688 11
99 309 16
462 681 17
83 937 7
278 14 11
60 229 18
21 976 12
958 230 1
60 858
694 163
456 946
444 944
318 471
775 805
555 614
726 603
729 488
498 629
642 91
327 749
574 8
8 808
66 711
985 198
754 973
774 532
584 900
24 303
691 708
755 72
522 686
989 237
278 757
427 5
312 217
109 299
403 47
997 943
285 231
876 909
845 555
908 518
683 239
983 172
997 867
924 365
218 763
614 734
927 1
961 965
513 303
530 900
458 554
393 115
604 343
101 465
525 845
94 476
811 141
317 946
117 960
723 339
806 169
380 987
514 264
257 135
0 2 15 1

1 6 16
300 603 19
894 298
441 750
644 956
542 124
1000 665
842 251
0 2 15 1

1 7 18
300 603 19
245 2
895 9
988 909
167 574
732 781
395 610
695 635
0 2 15 1

10 39 114
300 603 19
771 417 11
733 515 5
726 24 15
709 616 3
999 244 5
959 688 11
99 309 16
462 681 17
83 937 7
542 480
406 41
719 462
600 844
831 484
116 117
872 695
506 771
418 763
762 237
73 28
699 412
754 985
951 914
189 414
690 944
817 488
525 584
636 600
155 411
366 113
570 957
531 528
53 772
598 931
782 181
345 184
523 253
535 609
623 218
398 207
7 210
451 290
217 584
844 269
353 108
3 249
230 730
997 407
0 2 15 1

7 21 62
300 603 19
771 417 11
733 515 5
726 24 15
709 616 3
999 244 5
959 688 11
339 854
152 321
291 216
93 919
127 184
566 323
519 610
569 113
823 876
142 165
773 666
368 810
392 934
689 969
971 301
757 919
236 138
722 332
179 737
305 804
789 883
0 2 15 1

2 4 10
300 603 19
771 417 11
599 115
792 224
479 567
701 5
0 2 15 1

6 18 51
300 603 19
771 417 11
733 515 5
726 24 15
709 616 3
999 244 5
81 852
962 700
776 702
224 583
626 668
458 488
516 139
131 683
263 565
680 53
116 460
263 971
478 919
701 102
124 80
882 12
195 725
630 1000
0 2 15 1

7 22 63
300 603 19
771 417 11
733 515 5
726 24 15
709 616 3
999 244 5
959 688 11
402 153
197 31
404 340
916 524
719 518
315 438
146 181
98 379
106 25
524 937
596 152
820 600
706 751
58 365
184 139
257 315
697 473
523 365
169 145
517 938
824 787
806 638
0 2 15 1

12 30 89
300 603 19
771 417 11
733 515 5
726 24 15
709 616 3
999 244 5
959 688 11
99 309 16
462 681 17
83 937 7
278 14 11
60 229 18
559 170
164 167
877 864
770 891
364 78
266 408
549 811
846 308
245 75
237 466
376 110
545 152
85 542
867 627
211 542
739 236
485 308
775 178
516 910
239 557
994 907
661 823
905 778
10 531
235 949
662 550
43 673
440 490
890 170
450 323
0 2 15 1

11 36 106
300 603 19
771 417 11
733 515 5
726 24 15
709 616 3
999 244 5
959 688 11
99 309 16
462 681 17
83 937 7
278 14 11
318 775
860 562
323 593
377 509
690 239
256 488
961 170
340 911
444 337
261 248
182 617
1 863
882 28
42 458
776 311
490 291
608 508
838 396
636 826
921 783
47 280
863 472
771 303
111 985
409 939
898 450
123 718
146 500
463 28
386 442
257 211
340 236
658 204
628 689
445 639
115 650
0 2 15 1

15 57 170
300 603 19
771 417 11
733 515 5
726 24 15
709 616 3
999 244 5
959 688 11
99 309 16
462 681 17
83 937 7
278 14 11
60 229 18
21 976 12
958 230 1
240 218 3
310 509
556 867
433 600
943 693
683 386
170 637
45 506
340 768
414 380
923 304
463 712
663 869
666 563
374 754
863 964
366 103
985 160
820 227
729 161
621 470
657 423
944 280
333 14
303 511
714 172
827 643
674 895
649 831
391 602
54 710
376 82
860 871
316 868
818 549
490 584
718 749
176 211
534 289
1 644
819 899
266 288
784 603
619 378
36 719
844 568
259 188
96 54
221 13
919 236
732 979
36 383
174 320
752 873
383 683
531 573
543 623
510 17
0 2 15 1

15 46 135
300 603 19
771 417 11
733 515 5
726 24 15
709 616 3
999 244 5
959 688 11
99 309 16
462 681 17
83 937 7
278 14 11
60 229 18
21 976 12
958 230 1
240 218 3
869 289
428 377
626 516
20 587
6 307
723 650
943 177
228 857
720 885
11 829
187 995
322 109
10 515
292 962
710 130
571 591
709 89
106 609
947 865
150 193
864 819
591 317
153 379
323 286
118 224
218 443
643 368
328 854
262 377
294 167
864 501
446 637
434 279
983 104
426 418
539 88
107 40
454 334
197 697
478 179
897 310
157 189
474 965
545 799
522 858
5 991
0 2 15 1

3 11 30
300 603 19
771 417 11
733 515 5
234 55
245 70
468 523
771 791
629 694
165 911
953 979
692 18
53 314
519 218
633 841
0 2 15 1

8 35 103
300 603 19
771 417 11
733 515 5
726 24 15
709 616 3
999 244 5
959 688 11
99 309 16
557 481
261 594
471 396
972 479
276 947
883 648
189 763
427 92
501 501
106 242
195 624
45 361
789 666
879 136
358 142
8 501
805 245
359 242
53 392
593 870
966 605
696 580
297 925
610 73
604 527
896 801
614 963
578 16
492 506
91 378
383 413
982 996
391 304
717 510
678 630
0 2 15 1

4 19 54
300 603 19
771 417 11
733 515 5
726 24 15
1000 741
177 103
965 960
862 737
685 18
574 596
205 281
169 586
824 975
664 95
120 328
88 936
892 775
6 681
469 506
897 624
606 908
857 889
879 338
0 2 15 1

8 37 108
300 603 19
771 417 11
733 515 5
726 24 15
709 616 3
999 244 5
959 688 11
99 309 16
930 910
229 844
986 320
481 67
332 793
59 323
539 760
462 821
770 770
444 381
28 660
78 510
37 263
364 336
198 916
812 629
694 29
456 827
117 437
495 47
715 921
997 264
495 956
833 581
559 819
353 975
179 388
591 954
307 783
739 161
89 447
739 314
597 372
819 889
284 591
581 610
824 790
0 2 15 1

14 54 160
300 603 19
771 417 11
733 515 5
726 24 15
709 616 3
999 244 5
959 688 11
99 309 16
462 681 17
83 937 7
278 14 11
60 229 18
21 976 12
958 230 1
751 941
415 219
448 166
393 145
974 57
860 519
742 710
746 936
222 340
847 774
90 243
353 463
871 282
639 501
894 505
52 24
736 166
693 451
577 494
413 328
352 673
520 717
124 708
669 20
219 693
279 70
422 679
942 854
633 578
145 27
65 221
334 113
795 306
682 591
251 700
204 707
608 161
645 685
225 85
330 929
428 943
834 305
630 204
407 189
300 452
432 226
240 968
676 101
252 133
366 837
101 606
928 395
578 84
51 956
0 2 15 1

9 26 75
300 603 19
771 417 11
733 515 5
726 24 15
709 616 3
999 244 5
959 688 11
99 309 16
462 681 17
453 155
37 806
301 522
353 644
130 526
380 379
363 393
518 859
442 539
458 540
187 768
603 761
612 878
25 836
610 499
446 312
851 38
978 128
959 975
731 882
708 812
768 855
506 202
217 486
568 889
722 42
0 2 15 1

7 25 74
300 603 19
771 417 11
733 515 5
726 24 15
709 616 3
999 244 5
959 688 11
560 651
461 327
906 395
322 75
800 817
203 469
607 928
819 578
262 848
905 197
779 625
543 296
86 958
311 929
329 661
912 421
276 618
583 112
272 967
888 295
157 694
622 532
552 260
176 331
480 946
0 2 15 1

2 6 16
300 603 19
771 417 11
756 183
516 251
775 553
716 567
76 645
987 323
0 2 15 1

8 35 102
300 603 19
771 417 11
733 515 5
726 24 15
709 616 3
999 244 5
959 688 11
99 309 16
851 836
337 467
329 137
369 890
796 646
975 521
917 894
132 767
961 157
366 657
448 40
455 941
402 428
859 988
650 838
617 229
114 626
955 657
61 295
493 1
485 483
855 234
50 334
991 244
107 145
535 283
880 517
598 551
732 589
481 804
909 176
118 967
298 121
837 331
514 639
0 2 15 1

3 7 19
300 603 19
771 417 11
733 515 5
537 229
413 278
472 629
634 663
113 814
407 963
77 10
0 2 15 1

5 9 26
300 603 19
771 417 11
733 515 5
726 24 15
709 616 3
19 869
282 444
193 169
395 973
98 526
836 355
313 749
341 449
7 956
0 2 15 1

11 32 94
300 603 19
771 417 11
733 515 5
726 24 15
709 616 3
999 244 5
959 688 11
99 309 16
462 681 17
83 937 7
278 14 11
332 874
781 264
984 337
378 597
183 165
104 37
176 16
370 780
318 404
532 6
412 269
418 218
228 119
7 543
385 7
139 297
1000 976
659 910
0 798
491 118
261 440
732 244
718 831
378 316
184 285
40 158
582 567
338 339
60 347
975 43
886 217
97 362
0 2 15 1

1 6 16
300 603 19
116 758
738 84
680 700
350 437
211 158
60 218
0 2 15 1

14 51 152
300 603 19
771 417 11
733 515 5
726 24 15
709 616 3
999 244 5
959 688 11
99 309 16
462 681 17
83 937 7
278 14 11
60 229 18
21 976 12
958 230 1
902 466
544 834
288 792
939 792
69 264
857 7
963 284
627 559
214 596
597 20
692 506
176 901
475 502
365 736
79 689
149 691
805 980
84 359
716 553
709 328
825 681
981 674
711 206
712 72
806 587
672 604
210 100
398 898
379 293
54 445
589 559
485 329
888 716
537 153
608 714
107 480
23 517
758 838
153 698
70 302
117 615
521 537
263 784
919 82
100 362
738 397
667 635
174 478
362 864
883 19
100 131
0 2 15 1

15 50 149
300 603 19
771 417 11
733 515 5
726 24 15
709 616 3
999 244 5
959 688 11
99 309 16
462 681 17
83 937 7
278 14 11
60 229 18
21 976 12
958 230 1
240 218 3
805 644
877 970
320 121
775 878
845 324
944 839
998 322
957 586
237 496
560 500
304 437
807 874
487 674
736 992
282 368
260 923
791 928
575 154
308 614
566 465
490 319
999 739
218 658
707 511
591 846
839 593
222 44
673 643
126 59
994 786
795 434
988 638
249 966
861 800
573 687
425 719
228 123
964 321
361 287
210 950
694 434
533 257
240 642
965 109
924 545
221 936
582 533
864 687
986 823
852 41
0 2 15 1

11 41 120
300 603 19
771 417 11
733 515 5
726 24 15
709 616 3
999 244 5
959 688 11
99 309 16
462 681 17
83 937 7
278 14 11
479 881
555 724
652 477
552 230
924 18
458 12
551 737
321 233
236 544
516 897
97 437
533 287
974 638
473 740
983 740
603 416
826 551
284 927
91 941
172 460
215 436
398 571
421 943
990 225
380 423
856 385
73 918
568 739
982 595
115 809
739 570
763 750
49 984
658 484
228 939
133 462
417 562
636 215
697 837
105 29
591 726
0 2 15 2

9 32 94
300 603 19
771 417 11
733 515 5
726 24 15
709 616 3
999 244 5
959 688 11
99 309 16
462 681 17
747 172
362 969
810 466
337 848
494 916
232 830
814 802
0 498
924 342
837 672
153 571
106 118
822 934
943 973
603 894
193 66
980 489
569 613
34 748
787 948
731 275
715 816
387 547
508 146
622 921
429 729
165 866
820 735
684 350
603 624
639 924
615 431
0 2 15 2

7 30 87
300 603 19
771 417 11
733 515 5
726 24 15
709 616 3
999 244 5
959 688 11
738 318
274 532
244 692
828 708
927 681
503 490
65 95
766 824
376 400
182 668
985 810
632 361
775 141
900 369
561 580
156 305
156 235
884 151
953 526
830 455
209 937
655 59
935 194
333 961
885 93
839 335
328 767
26 404
201 311
35 953
0 2 15 2

14 58 172
300 603 19
771 417 11
733 515 5
726 24 15
709 616 3
999 244 5
959 688 11
99 309 16
462 681 17
83 937 7
278 14 11
60 229 18
21 976 12
958 230 1
60 858
694 163
456 946
444 944
318 471
775 805
555 614
726 603
729 488
498 629
642 91
327 749
574 8
8 808
66 711
985 198
754 973
774 532
584 900
24 303
691 708
755 72
522 686
989 237
278 757
427 5
312 217
109 299
403 47
997 943
285 231
876 909
845 555
908 518
683 239
983 172
997 867
924 365
218 763
614 734
927 1
961 965
513 303
530 900
458 554
393 115
604 343
101 465
525 845
94 476
811 141
317 946
117 960
723 339
806 169
380 987
514 264
257 135
0 2 15 2

1 6 16
300 603 19
894 298
441 750
644 956
542 124
1000 665
842 251
0 2 15 2

1 7 18
300 603 19
245 2
895 9
988 909
167 574
732 781
395 610
695 635
0 2 15 2

10 39 114
300 603 19
771 417 11
733 515 5
726 24 15
709 616 3
999 244 5
959 688 11
99 309 16
462 681 17
83 937 7
542 480
406 41
719 462
600 844
831 484
116 117
872 695
506 771
418 763
762 237
73 28
699 412
754 985
951 914
189 414
690 944
817 488
525 584
636 600
155 411
366 113
570 957
531 528
53 772
598 931
782 181
345 184
523 253
535 609
623 218
398 207
7 210
451 290
217 584
844 269
353 108
3 249
230 730
997 407
0 2 15 2

7 21 62
300 603 19
771 417 11
733 515 5
726 24 15
709 616 3
999 244 5
959 688 11
339 854
152 321
291 216
93 919
127 184
566 323
519 610
569 113
823 876
142 165
773 666
368 810
392 934
689 969
971 301
757 919
236 138
722 332
179 737
305 804
789 883
0 2 15 2

2 4 10
300 603 19
771 417 11
599 115
792 224
479 567
701 5
0 2 15 2

6 18 51
300 603 19
771 417 11
733 515 5
726 24 15
709 616 3
999 244 5
81 852
962 700
776 702
224 583
626 668
458 488
516 139
131 683
263 565
680 53
116 460
263 971
478 919
701 102
124 80
882 12
195 725
630 1000
0 2 15 2

7 22 63
300 603 19
771 417 11
733 515 5
726 24 15
709 616 3
999 244 5
959 688 11
402 153
197 31
404 340
916 524
719 518
315 438
146 181
98 379
106 25
524 937
596 152
820 600
706 751
58 365
184 139
257 315
697 473
523 365
169 145
517 938
824 787
806 638
0 2 15 2

12 30 89
300 603 19
771 417 11
733 515 5
726 24 15
709 616 3
999 244 5
959 688 11
99 309 16
462 681 17
83 937 7
278 14 11
60 229 18
559 170
164 167
877 864
770 891
364 78
266 408
549 811
846 308
245 75
237 466
376 110
545 152
85 542
867 627
211 542
739 236
485 308
775 178
516 910
239 557
994 907
661 823
905 778
10 531
235 949
662 550
43 673
440 490
890 170
450 323
0 2 15 2

11 36 106
300 603 19
771 417 11
733 515 5
726 24 15
709 616 3
999 244 5
959 688 11
99 309 16
462 681 17
83 937 7
278 14 11
318 775
860 562
323 593
377 509
690 239
256 488
961 170
340 911
444 337
261 248
182 617
1 863
882 28
42 458
776 311
490 291
608 508
838 396
636 826
921 783
47 280
863 472
771 303
111 985
409 939
898 450
123 718
146 500
463 28
386 442
257 211
340 236
658 204
628 689
445 639
115 650
0 2 15 2

15 57 170
300 603 19
771 417 11
733 515 5
726 24 15
709 616 3
999 244 5
959 688 11
99 309 16
462 681 17
83 937 7
278 14 11
60 229 18
21 976 12
958 230 1
240 218 3
310 509
556 867
433 600
943 693
683 386
170 637
45 506
340 768
414 380
923 304
463 712
663 869
666 563
374 754
863 964
366 103
985 160
820 227
729 161
621 470
657 423
944 280
333 14
303 511
714 172
827 643
674 895
649 831
391 602
54 710
376 82
860 871
316 868
818 549
490 584
718 749
176 211
534 289
1 644
819 899
266 288
784 603
619 378
36 719
844 568
259 188
96 54
221 13
919 236
732 979
36 383
174 320
752 873
383 683
531 573
543 623
510 17
0 2 15 2

15 46 135
300 603 19
771 417 11
733 515 5
726 24 15
709 616 3
999 244 5
959 688 11
99 309 16
462 681 17
83 937 7
278 14 11
60 229 18
21 976 12
958 230 1
240 218 3
869 289
428 377
626 516
20 587
6 307
723 650
943 177
228 857
720 885
11 829
187 995
322 109
10 515
292 962
710 130
571 591
709 89
106 609
947 865
150 193
864 819
591 317
153 379
323 286
118 224
218 443
643 368
328 854
262 377
294 167
864 501
446 637
434 279
983 104
426 418
539 88
107 40
454 334
197 697
478 179
897 310
157 189
474 965
545 799
522 858
5 991
0 2 15 2

3 11 30
300 603 19
771 417 11
733 515 5
234 55
245 70
468 523
771 791
629 694
165 911
953 979
692 18
53 314
519 218
633 841
0 2 15 2

8 35 103
300 603 19
771 417 11
733 515 5
726 24 15
709 616 3
999 244 5
959 688 11
99 309 16
557 481
261 594
471 396
972 479
276 947
883 648
189 763
427 92
501 501
106 242
195 624
45 361
789 666
879 136
358 142
8 501
805 245
359 242
53 392
593 870
966 605
696 580
297 925
610 73
604 527
896 801
614 963
578 16
492 506
91 378
383 413
982 996
391 304
717 510
678 630
0 2 15 2

4 19 54
300 603 19
771 417 11
733 515 5
726 24 15
1000 741
177 103
965 960
862 737
685 18
574 596
205 281
169 586
824 975
664 95
120 328
88 936
892 775
6 681
469 506
897 624
606 908
857 889
879 338
0 2 15 2

8 37 108
300 603 19
771 417 11
733 515 5
726 24 15
709 616 3
999 244 5
959 688 11
99 309 16
930 910
229 844
986 320
481 67
332 793
59 323
539 760
462 821
770 770
444 381
28 660
78 510
37 263
364 336
198 916
812 629
694 29
456 827
117 437
495 47
715 921
997 264
495 956
833 581
559 819
353 975
179 388
591 954
307 783
739 161
89 447
739 314
597 372
819 889
284 591
581 610
824 790
0 2 15 2

14 54 160
300 603 19
771 417 11
733 515 5
726 24 15
709 616 3
999 244 5
959 688 11
99 309 16
462 681 17
83 937 7
278 14 11
60 229 18
21 976 12
958 230 1
751 941
415 219
448 166
393 145
974 57
860 519
742 710
746 936
222 340
847 774
90 243
353 463
871 282
639 501
894 505
52 24
736 166
693 451
577 494
413 328
352 673
520 717
124 708
669 20
219 693
279 70
422 679
942 854
633 578
145 27
65 221
334 113
795 306
682 591
251 700
204 707
608 161
645 685
225 85
330 929
428 943
834 305
630 204
407 189
300 452
432 226
240 968
676 101
252 133
366 837
101 606
928 395
578 84
51 956
0 2 15 2

9 26 75
300 603 19
771 417 11
733 515 5
726 24 15
709 616 3
999 244 5
959 688 11
99 309 16
462 681 17
453 155
37 806
301 522
353 644
130 526
380 379
363 393
518 859
442 539
458 540
187 768
603 761
612 878
25 836
610 499
446 312
851 38
978 128
959 975
731 882
708 812
768 855
506 202
217 486
568 889
722 42
0 2 15 2

7 25 74
300 603 19
771 417 11
733 515 5
726 24 15
709 616 3
999 244 5
959 688 11
560 651
461 327
906 395
322 75
800 817
203 469
607 928
819 578
262 848
905 197
779 625
543 296
86 958
311 929
329 661
912 421
276 618
583 112
272 967
888 295
157 694
622 532
552 260
176 331
480 946
0 2 15 2

2 6 16
300 603 19
771 417 11
756 183
516 251
775 553
716 567
76 645
987 323
0 2 15 2

8 35 102
300 603 19
771 417 11
733 515 5
726 24 15
709 616 3
999 244 5
959 688 11
99 309 16
851 836
337 467
329 137
369 890
796 646
975 521
917 894
132 767
961 157
366 657
448 40
455 941
402 428
859 988
650 838
617 229
114 626
955 657
61 295
493 1
485 483
855 234
50 334
991 244
107 145
535 283
880 517
598 551
732 589
481 804
909 176
118 967
298 121
837 331
514 639
0 2 15 2

3 7 19
300 603 19
771 417 11
733 515 5
537 229
413 278
472 629
634 663
113 814
407 963
77 10
0 2 15 2

5 9 26
300 603 19
771 417 11
733 515 5
726 24 15
709 616 3
19 869
282 444
193 169
395 973
98 526
836 355
313 749
341 449
7 956
0 2 15 2

11 32 94
300 603 19
771 417 11
733 515 5
726 24 15
709 616 3
999 244 5
959 688 11
99 309 16
462 681 17
83 937 7
278 14 11
332 874
781 264
984 337
378 597
183 165
104 37
176 16
370 780
318 404
532 6
412 269
418 218
228 119
7 543
385 7
139 297
1000 976
659 910
0 798
491 118
261 440
732 244
718 831
378 316
184 285
40 158
582 567
338 339
60 347
975 43
886 217
97 362
0 2 15 2

1 6 16
300 603 19
116 758
738 84
680 700
350 437
211 158
60 218
0 2 15 2

14 51 152
300 603 19
771 417 11
733 515 5
726 24 15
709 616 3
999 244 5
959 688 11
99 309 16
462 681 17
83 937 7
278 14 11
60 229 18
21 976 12
958 230 1
902 466
544 834
288 792
939 792
69 264
857 7
963 284
627 559
214 596
597 20
692 506
176 901
475 502
365 736
79 689
149 691
805 980
84 359
716 553
709 328
825 681
981 674
711 206
712 72
806 587
672 604
210 100
398 898
379 293
54 445
589 559
485 329
888 716
537 153
608 714
107 480
23 517
758 838
153 698
70 302
117 615
521 537
263 784
919 82
100 362
738 397
667 635
174 478
362 864
883 19
100 131
0 2 15 2

15 50 149
300 603 19
771 417 11
733 515 5
726 24 15
709 616 3
999 244 5
959 688 11
99 309 16
462 681 17
83 937 7
278 14 11
60 229 18
21 976 12
958 230 1
240 218 3
805 644
877 970
320 121
775 878
845 324
944 839
998 322
957 586
237 496
560 500
304 437
807 874
487 674
736 992
282 368
260 923
791 928
575 154
308 614
566 465
490 319
999 739
218 658
707 511
591 846
839 593
222 44
673 643
126 59
994 786
795 434
988 638
249 966
861 800
573 687
425 719
228 123
964 321
361 287
210 950
694 434
533 257
240 642
965 109
924 545
221 936
582 533
864 687
986 823
852 41
0 2 15 2

