../data/ImagenesCaras/ 92 112 41 10 50
s1/ 1 2 3 4 5 6 7 8 9 10
s2/ 1 2 3 4 5 6 7 8 9 10
s3/ 1 2 3 4 5 6 7 8 9 10
s4/ 1 2 3 4 5 6 7 8 9 10
s5/ 1 2 3 4 5 6 7 8 9 10
s6/ 1 2 3 4 5 6 7 8 9 10
s7/ 1 2 3 4 5 6 7 8 9 10
s8/ 1 2 3 4 5 6 7 8 9 10
s9/ 1 2 3 4 5 6 7 8 9 10
s10/ 1 2 3 4 5 6 7 8 9 10
s11/ 1 2 3 4 5 6 7 8 9 10
s12/ 1 2 3 4 5 6 7 8 9 10
s13/ 1 2 3 4 5 6 7 8 9 10
s14/ 1 2 3 4 5 6 7 8 9 10
s15/ 1 2 3 4 5 6 7 8 9 10
s16/ 1 2 3 4 5 6 7 8 9 10
s17/ 1 2 3 4 5 6 7 8 9 10
s18/ 1 2 3 4 5 6 7 8 9 10
s19/ 1 2 3 4 5 6 7 8 9 10
s20/ 1 2 3 4 5 6 7 8 9 10
s21/ 1 2 3 4 5 6 7 8 9 10
s22/ 1 2 3 4 5 6 7 8 9 10
s23/ 1 2 3 4 5 6 7 8 9 10
s24/ 1 2 3 4 5 6 7 8 9 10
s25/ 1 2 3 4 5 6 7 8 9 10
s26/ 1 2 3 4 5 6 7 8 9 10
s27/ 1 2 3 4 5 6 7 8 9 10
s28/ 1 2 3 4 5 6 7 8 9 10
s29/ 1 2 3 4 5 6 7 8 9 10
s30/ 1 2 3 4 5 6 7 8 9 10
s31/ 1 2 3 4 5 6 7 8 9 10
s32/ 1 2 3 4 5 6 7 8 9 10
s33/ 1 2 3 4 5 6 7 8 9 10
s34/ 1 2 3 4 5 6 7 8 9 10
s35/ 1 2 3 4 5 6 7 8 9 10
s36/ 1 2 3 4 5 6 7 8 9 10
s37/ 1 2 3 4 5 6 7 8 9 10
s38/ 1 2 3 4 5 6 7 8 9 10
s39/ 1 2 3 4 5 6 7 8 9 10
s40/ 1 2 3 4 5 6 7 8 9 10
s41/ 1 2 3 4 5 6 7 8 9 10
