5 10 28
841 626 6
549 867 7
259 89 5
601 688 10
287 455 0
564 404
801 820
499 580
205 646
67 225
854 64
456 658
965 431
605 983
924 432

1 4 10
937 414 10
228 579
634 289
789 83
32 241

5 7 20
145 216 3
910 723 7
519 457 1
63 667 6
733 396 3
610 636
942 434
276 131
183 517
558 25
627 971
445 952

5 8 23
533 584 1
869 972 5
952 33 4
452 971 8
521 817 5
126 861
879 216
481 761
89 688
568 144
944 786
781 853
191 747

3 4 9
25 828 1
858 741 2
154 429 6
299 459
502 646
803 497
453 208

9 16 45
634 772 3
340 580 9
845 395 4
250 784 4
615 686 10
773 468 2
993 942 9
10 131 1
706 586 3
469 826
993 974
501 165
159 237
412 270
549 276
662 39
826 520
436 528
471 456
957 763
756 733
820 225
716 670
302 631
134 603

8 14 39
548 571 6
242 305 7
81 509 3
309 397 0
73 733 0
962 258 5
843 642 9
465 89 9
95 970
229 171
789 866
53 959
805 377
251 435
42 535
566 584
290 944
222 626
906 299
225 996
187 362
164 649

7 11 31
599 702 8
304 678 8
900 133 2
712 425 5
243 581 0
110 67 7
816 236 1
497 861
621 540
971 63
239 237
363 433
118 899
284 993
69 358
626 189
828 585
748 550

8 13 37
698 626 3
283 841 6
926 877 2
966 263 9
114 789 5
298 878 2
251 964 5
841 625 5
59 697
981 638
414 806
892 162
910 726
237 463
612 78
766 238
414 197
46 601
704 213
67 36
968 785

1 3 7
908 57 7
906 178
608 758
439 462

10 15 43
77 794 0
458 252 5
594 731 9
924 336 5
973 521 3
859 948 0
876 65 2
422 282 10
151 753 0
800 821 9
748 116
370 803
518 899
215 421
649 476
122 262
166 529
163 994
279 375
11 770
731 927
979 634
309 691
279 426
615 360

4 9 25
563 922 4
401 498 5
544 884 8
107 477 8
61 209
834 625
731 940
495 562
760 438
531 705
212 918
311 453
110 730

9 18 51
77 788 3
481 8 0
949 447 10
541 680 10
845 63 0
878 911 10
72 828 2
415 952 9
844 644 7
374 191
394 193
312 664
485 185
269 94
449 240
183 709
289 175
51 146
571 425
798 95
978 867
335 878
38 115
607 464
529 591
876 565
211 599

5 7 19
919 985 7
33 325 10
555 30 1
630 691 0
352 595 1
270 310
111 647
437 522
298 264
576 325
371 524
326 593

8 13 38
66 817 0
65 962 4
961 67 5
548 585 5
153 847 9
510 207 6
956 784 1
618 232 8
910 600
646 171
382 240
397 962
643 816
594 104
385 712
523 226
263 716
347 345
487 414
44 17
251 194

10 18 53
978 110 10
186 286 3
503 872 5
680 366 6
585 748 2
664 809 0
626 209 9
586 485 2
275 414 6
236 352 10
873 77
518 315
601 706
888 209
355 401
971 307
690 954
956 729
268 332
924 251
731 917
313 241
169 669
505 57
839 8
665 759
724 397
281 968

7 12 33
813 699 0
753 768 0
718 479 8
85 880 9
404 93 10
367 103 5
328 456 1
653 921
713 185
394 245
523 876
377 364
835 101
144 524
969 49
790 161
290 77
640 28
424 828

6 10 29
359 747 0
789 848 9
347 726 1
719 225 7
479 830 3
868 734 9
183 209
328 301
64 572
626 676
563 338
25 659
404 907
215 65
221 519
219 735

7 12 33
180 570 4
728 946 1
305 336 5
783 422 7
10 835 10
570 382 1
395 582 5
334 783
71 671
459 778
540 339
213 910
63 703
402 663
141 399
839 353
959 319
57 345
956 271

7 6 15
923 164 2
930 489 0
874 778 1
342 79 3
553 396 2
754 418 4
814 105 3
243 171
336 832
880 225
533 451
377 876
216 463

1 2 5
730 691 5
219 229
416 48

3 5 14
675 912 6
295 99 4
293 773 4
315 380
69 994
753 91
350 302
369 238

1 1 1
667 494 1
586 943

4 6 16
864 138 4
771 411 2
9 133 2
434 244 8
229 170
981 303
236 537
469 388
121 57
548 422

10 15 44
562 540 8
492 431 2
14 707 4
67 653 3
770 920 6
702 149 1
18 27 0
0 735 10
853 375 4
102 582 6
573 725
468 846
109 643
837 343
318 907
829 290
187 800
136 876
940 145
502 172
242 247
515 75
360 517
668 651
773 500

7 12 33
491 80 9
888 295 7
796 262 3
188 379 4
708 314 4
653 430 1
862 979 5
43 785
890 856
747 531
26 248
486 438
935 369
586 402
223 902
986 385
752 297
904 412
16 737

3 3 8
53 455 2
617 412 5
922 718 1
370 940
29 467
559 336

10 20 59
882 571 8
22 459 0
243 410 2
304 669 5
81 215 2
368 522 8
91 886 6
311 272 10
814 571 10
554 928 8
674 0
482 148
110 3
991 430
742 310
746 413
761 112
884 550
560 804
986 1
213 269
408 939
754 991
416 482
551 966
613 756
907 976
810 309
381 115
490 174

9 20 57
71 161 3
554 241 8
763 795 2
307 641 5
634 252 8
247 241 6
518 766 10
373 763 10
854 452 5
537 432
474 556
546 675
676 547
940 822
583 678
358 511
394 380
377 213
234 865
240 421
612 260
763 302
369 370
929 577
845 416
779 877
697 908
579 435
929 211

9 19 55
711 89 8
303 487 1
506 580 5
238 942 8
386 148 5
525 316 2
964 992 9
333 998 9
927 293 8
677 811
655 251
146 856
726 934
829 767
771 540
91 319
806 722
831 81
623 590
330 13
44 151
421 811
92 233
789 555
391 780
853 80
775 468
22 411

1 4 10
547 627 10
6 179
298 888
989 810
67 914

1 3 8
114 494 8
527 356
247 162
550 71

2 2 5
174 57 4
95 15 1
978 915
640 979

3 5 12
308 728 6
226 380 1
169 544 5
159 123
363 959
289 679
651 322
290 902

8 19 54
931 785 0
853 910 3
396 86 8
71 651 7
526 52 10
83 517 9
97 250 8
373 828 9
17 205
990 570
671 529
672 145
392 805
811 873
1000 367
220 286
757 257
629 271
192 485
954 242
195 934
432 78
892 965
536 907
125 990
289 156
832 279

10 19 54
97 395 4
247 726 5
500 41 9
482 58 7
29 291 8
996 72 5
804 557 4
896 808 4
794 346 8
901 896 0
59 711
611 726
922 405
599 932
145 208
19 435
320 644
928 408
831 679
749 659
90 277
34 854
267 760
997 890
349 750
237 567
699 525
693 286
296 325

6 12 33
729 641 10
149 968 9
377 65 1
513 41 2
647 235 1
597 809 10
711 232
862 982
989 994
670 173
207 564
338 270
996 211
895 45
96 469
448 244
965 356
162 563

8 16 47
300 867 7
4 465 5
685 202 8
547 601 8
136 503 9
388 957 1
723 760 6
734 959 3
98 314
74 904
60 42
173 988
793 175
549 847
672 29
316 533
833 797
917 683
742 730
217 280
290 27
26 85
273 21
761 969

8 12 34
219 865 2
379 836 8
791 908 2
738 915 5
855 581 5
670 910 5
398 672 7
916 253 0
42 188
734 45
463 432
803 391
584 683
346 462
737 946
586 372
442 291
63 771
789 871
875 226

4 8 23
844 948 2
205 17 7
328 814 7
44 578 7
708 706
209 898
926 47
41 379
191 482
932 202
78 748
787 764

8 18 53
262 6 8
179 880 6
148 377 9
896 66 7
334 66 7
255 465 4
593 801 7
978 442 5
996 355
878 13
571 124
153 753
448 926
201 700
612 217
640 453
437 870
315 828
388 676
222 849
743 252
610 156
286 395
74 919
982 854
128 47

9 19 54
368 287 10
446 120 2
433 165 7
945 627 3
655 785 8
595 754 7
186 142 6
215 390 2
262 704 9
975 609
704 318
690 461
534 735
486 822
280 695
723 921
329 427
67 495
2 681
927 717
48 911
682 476
718 84
412 273
545 289
962 155
196 810
668 860

4 6 15
572 492 5
234 639 8
867 674 0
454 433 2
390 755
135 442
355 810
403 651
932 679
1 870

8 13 37
765 636 9
537 827 1
720 960 0
320 471 5
632 822 0
871 481 10
335 980 4
508 425 8
903 254
642 720
184 774
350 56
297 557
470 795
514 663
249 487
283 943
868 246
630 5
771 752
522 356

6 12 35
370 294 7
434 327 10
60 711 0
143 901 3
298 436 8
673 556 7
214 39
592 2
676 877
964 645
625 317
530 522
326 82
960 181
407 721
992 72
390 206
950 965

1 2 4
166 509 4
298 309
70 802

2 3 8
908 735 6
672 373 2
143 426
544 910
661 855

7 10 29
652 483 5
205 176 1
374 441 7
507 163 1
129 718 6
178 517 2
107 836 7
946 559
212 976
477 954
990 229
182 595
141 732
406 887
690 214
795 539
772 828

4 5 12
495 778 5
200 796 5
59 260 1
288 16 1
712 45
290 952
244 37
94 383
262 862

7 14 41
594 202 9
917 24 6
870 856 3
407 177 1
412 251 6
633 668 10
63 711 6
829 16
84 869
18 173
992 164
402 445
124 315
523 850
265 283
447 69
127 947
896 836
955 11
980 415
91 457

