15 49 144
40 481 5
7 755 7
712 114 17
5 653 13
305 297 7
106 243 14
220 668 20
75 471 1
139 799 4
497 900 8
458 503 0
352 605 5
655 851 17
877 441 9
5 689 17
402 821
879 559
761 683
985 349
66 418
916 713
854 627
255 79
5 974
61 137
125 748
718 435
101 901
628 841
287 45
187 277
523 726
1 90
888 357
74 578
854 826
753 19
880 969
888 978
660 424
302 882
524 266
320 574
633 446
646 94
95 254
525 518
674 420
729 677
200 830
762 170
562 910
288 252
834 406
948 755
936 528
366 48
541 288
903 1
455 93
586 550
121 472
270 647
702 36

31 102 304
40 481 5
7 755 7
712 114 17
5 653 13
305 297 7
106 243 14
220 668 20
75 471 1
139 799 4
497 900 8
458 503 0
352 605 5
655 851 17
877 441 9
5 689 17
126 22 10
525 957 19
802 291 8
705 262 0
669 434 9
534 20 6
584 958 3
18 223 14
913 221 6
367 232 18
820 346 19
386 503 15
879 132 3
335 421 6
111 299 17
735 314 7
905 757
479 384
575 799
226 810
58 729
344 12
129 300
957 109
979 473
622 707
856 171
53 552
350 435
301 985
12 762
73 461
644 228
574 873
341 394
35 171
315 83
158 582
225 583
370 106
915 379
228 495
921 38
323 982
640 218
342 277
203 503
269 210
42 849
78 946
114 877
704 95
426 107
614 813
507 769
549 314
622 911
371 260
723 154
655 101
955 777
993 498
461 265
110 346
25 953
248 304
787 372
661 423
521 382
274 566
584 142
38 168
523 958
138 427
926 966
512 880
353 954
833 617
1000 511
526 50
810 686
868 176
524 129
997 172
185 934
662 201
655 788
720 905
759 664
942 667
508 661
920 860
764 487
341 634
589 656
484 673
480 95
256 397
876 31
533 24
136 757
308 980
826 982
637 311
272 12
846 144
983 544
772 528
542 689
312 150
563 678
173 536
681 273
538 452
461 725
932 588
508 216
555 420

13 40 118
40 481 5
7 755 7
712 114 17
5 653 13
305 297 7
106 243 14
220 668 20
75 471 1
139 799 4
497 900 8
458 503 0
352 605 5
655 851 17
373 776
69 774
37 68
756 923
44 923
670 741
874 647
276 800
883 135
177 178
15 574
529 667
727 164
162 720
426 46
967 382
355 950
23 765
280 116
662 30
913 663
968 460
274 428
924 402
258 912
934 897
343 917
631 29
636 19
921 834
208 315
891 316
54 40
342 538
214 634
768 164
618 542
846 160
352 109
927 231

4 15 42
40 481 5
7 755 7
712 114 17
5 653 13
882 573
920 310
445 354
257 904
739 344
346 68
636 909
586 117
163 751
336 157
503 564
69 775
847 682
495 474
725 539

32 108 322
40 481 5
7 755 7
712 114 17
5 653 13
305 297 7
106 243 14
220 668 20
75 471 1
139 799 4
497 900 8
458 503 0
352 605 5
655 851 17
877 441 9
5 689 17
126 22 10
525 957 19
802 291 8
705 262 0
669 434 9
534 20 6
584 958 3
18 223 14
913 221 6
367 232 18
820 346 19
386 503 15
879 132 3
335 421 6
111 299 17
735 314 7
836 920 18
814 397
427 351
122 320
325 367
636 492
482 510
974 691
256 156
283 143
632 1
476 431
407 583
894 139
876 609
624 975
227 560
182 369
594 21
239 434
801 720
234 121
290 188
905 727
105 765
654 309
670 521
694 954
880 875
341 847
628 231
939 238
614 42
888 790
692 767
182 990
903 108
308 206
114 336
949 835
462 146
306 273
540 825
218 491
202 566
996 588
646 686
586 838
531 366
36 929
530 128
581 897
226 910
606 471
980 227
631 687
829 823
74 521
807 380
314 598
729 463
539 842
903 827
627 929
431 719
399 281
128 160
550 932
429 885
407 504
259 251
423 537
376 940
232 245
541 792
141 90
971 101
880 349
128 656
937 159
454 443
251 84
268 183
282 80
682 60
327 266
607 818
375 840
548 426
268 871
397 986
77 650
549 152
355 947
461 455
986 641
271 1
823 217
526 160
584 214
314 447
306 368
979 292
229 246
582 410
996 567
644 280
399 259
11 419

32 108 322
40 481 5
7 755 7
712 114 17
5 653 13
305 297 7
106 243 14
220 668 20
75 471 1
139 799 4
497 900 8
458 503 0
352 605 5
655 851 17
877 441 9
5 689 17
126 22 10
525 957 19
802 291 8
705 262 0
669 434 9
534 20 6
584 958 3
18 223 14
913 221 6
367 232 18
820 346 19
386 503 15
879 132 3
335 421 6
111 299 17
735 314 7
836 920 18
509 207
922 291
890 837
157 123
329 728
980 986
484 409
968 725
492 576
532 407
567 17
978 752
316 100
234 477
837 69
762 231
136 870
9 140
512 795
833 138
174 770
671 545
118 436
447 726
107 869
741 812
413 178
95 869
905 680
347 504
615 977
658 822
299 435
401 631
601 383
563 174
836 743
680 309
67 573
385 132
944 222
429 544
806 10
334 113
548 371
814 516
776 380
272 132
389 562
934 41
155 452
728 502
558 406
878 982
38 22
397 493
858 530
817 654
44 676
782 892
19 39
216 331
414 563
940 925
194 648
359 752
740 547
281 485
380 627
718 85
170 428
245 1000
15 567
355 651
972 75
731 923
877 989
308 828
653 847
143 133
562 639
116 357
943 450
618 891
717 175
600 151
857 204
903 416
293 103
301 873
8 246
119 477
326 451
571 552
386 595
635 138
167 866
324 11
6 502
598 402
967 41
428 2
829 702
398 151
442 928
591 792
116 785
696 932

24 74 219
40 481 5
7 755 7
712 114 17
5 653 13
305 297 7
106 243 14
220 668 20
75 471 1
139 799 4
497 900 8
458 503 0
352 605 5
655 851 17
877 441 9
5 689 17
126 22 10
525 957 19
802 291 8
705 262 0
669 434 9
534 20 6
584 958 3
18 223 14
913 221 6
728 930
783 355
267 697
492 495
790 240
628 146
392 986
513 658
415 178
723 362
836 796
748 326
511 389
434 461
526 463
129 292
525 116
608 450
267 902
956 768
6 620
955 613
296 101
395 370
652 425
537 347
767 10
705 495
881 664
663 181
526 464
586 776
486 910
670 893
373 814
607 585
688 49
911 745
858 918
620 606
596 470
43 205
89 658
120 679
453 164
194 560
529 506
201 24
916 974
523 113
439 332
568 410
653 982
398 464
354 301
697 76
558 362
492 88
356 775
850 154
791 999
408 825
290 563
542 125
248 333
358 935
82 841
470 559
561 593
740 494
211 716
71 73
988 147
140 932

12 34 101
40 481 5
7 755 7
712 114 17
5 653 13
305 297 7
106 243 14
220 668 20
75 471 1
139 799 4
497 900 8
458 503 0
352 605 5
320 952
919 24
815 253
998 677
842 534
856 298
0 37
917 925
41 214
2 999
839 282
220 954
224 874
674 635
248 352
600 273
964 722
930 55
174 396
582 879
416 996
698 48
160 164
494 791
527 97
727 321
335 605
424 324
215 272
605 62
819 28
219 696
164 429
90 98

3 10 29
40 481 5
7 755 7
712 114 17
333 106
298 286
298 415
85 157
69 130
601 999
699 14
251 636
898 407
173 47

22 67 199
40 481 5
7 755 7
712 114 17
5 653 13
305 297 7
106 243 14
220 668 20
75 471 1
139 799 4
497 900 8
458 503 0
352 605 5
655 851 17
877 441 9
5 689 17
126 22 10
525 957 19
802 291 8
705 262 0
669 434 9
534 20 6
584 958 3
67 946
155 742
413 717
17 312
889 998
765 969
500 476
339 900
858 535
691 990
615 209
647 204
359 990
251 471
50 709
800 265
405 914
715 460
654 592
938 438
343 596
201 974
999 320
475 504
485 241
329 292
128 309
573 994
213 136
819 289
929 729
359 69
306 470
453 836
521 470
90 425
134 593
533 862
135 92
447 834
66 641
432 585
141 230
27 517
177 688
903 129
941 296
591 711
875 222
274 438
562 420
938 826
717 895
445 117
424 303
639 985
608 38
251 494
757 63
323 255
614 599
246 716
27 255
709 965
641 310
746 400
888 455

15 49 144
40 481 5
7 755 7
712 114 17
5 653 13
305 297 7
106 243 14
220 668 20
75 471 1
139 799 4
497 900 8
458 503 0
352 605 5
655 851 17
877 441 9
5 689 17
729 375
239 316
984 292
505 897
219 598
811 515
850 964
13 8
750 162
551 540
432 42
40 712
420 654
993 682
605 336
668 404
80 342
247 102
750 252
720 490
416 186
872 376
377 183
854 37
481 533
55 589
917 873
524 764
544 767
218 338
328 798
821 381
75 349
33 943
896 279
847 895
753 884
618 696
705 200
34 975
342 159
202 751
279 632
366 48
269 276
650 123
211 930
889 840
212 471

13 40 118
40 481 5
7 755 7
712 114 17
5 653 13
305 297 7
106 243 14
220 668 20
75 471 1
139 799 4
497 900 8
458 503 0
352 605 5
655 851 17
638 41
750 984
821 261
909 831
617 850
981 987
427 792
818 904
969 419
651 884
506 740
192 151
898 21
26 169
369 596
207 728
995 695
199 812
675 310
95 541
274 83
62 404
892 962
979 268
704 698
365 518
37 923
670 526
87 589
529 714
747 856
64 821
20 940
589 344
998 262
599 660
276 957
901 74
202 29
586 346

19 61 181
40 481 5
7 755 7
712 114 17
5 653 13
305 297 7
106 243 14
220 668 20
75 471 1
139 799 4
497 900 8
458 503 0
352 605 5
655 851 17
877 441 9
5 689 17
126 22 10
525 957 19
802 291 8
705 262 0
926 754
516 436
747 956
492 138
671 401
705 414
257 454
605 13
740 473
865 377
419 173
895 539
883 216
284 936
111 35
719 684
994 790
227 157
251 620
599 528
632 11
720 900
472 809
212 624
174 760
82 200
523 249
659 650
786 518
162 926
339 37
806 288
199 305
857 901
373 266
546 90
895 51
289 864
429 193
440 732
141 182
205 207
714 589
148 405
168 700
50 385
348 767
594 954
227 765
872 770
529 516
5 829
956 957
428 54
457 733
239 369
820 491
864 827
270 884
838 314
546 214

34 113 338
40 481 5
7 755 7
712 114 17
5 653 13
305 297 7
106 243 14
220 668 20
75 471 1
139 799 4
497 900 8
458 503 0
352 605 5
655 851 17
877 441 9
5 689 17
126 22 10
525 957 19
802 291 8
705 262 0
669 434 9
534 20 6
584 958 3
18 223 14
913 221 6
367 232 18
820 346 19
386 503 15
879 132 3
335 421 6
111 299 17
735 314 7
836 920 18
763 333 11
160 632 5
19 643
824 324
242 512
594 171
543 448
867 226
850 130
523 446
458 427
689 987
620 58
665 320
804 959
976 616
894 96
25 344
323 580
217 654
803 32
315 580
213 785
661 221
41 451
208 809
367 22
73 388
603 910
237 516
520 692
76 370
872 248
361 574
826 15
358 31
749 90
0 300
831 457
186 806
13 948
564 837
884 344
517 83
557 362
545 843
728 843
262 866
222 1
56 764
209 384
568 411
259 216
413 457
814 777
646 911
403 78
105 875
371 758
959 516
8 625
579 520
669 293
47 375
972 539
279 440
355 250
914 457
642 550
915 486
251 102
297 740
302 917
208 491
234 403
822 872
376 946
225 745
256 970
932 182
615 28
627 597
80 519
824 78
430 956
569 94
224 883
421 555
106 724
332 952
983 7
530 975
61 719
120 124
304 13
707 241
927 167
719 140
287 976
1000 227
471 548
451 584
1000 879
415 318
435 695
186 986
648 412
639 448
316 447
393 921
221 363
365 181
616 663
348 276
576 978

13 40 118
40 481 5
7 755 7
712 114 17
5 653 13
305 297 7
106 243 14
220 668 20
75 471 1
139 799 4
497 900 8
458 503 0
352 605 5
655 851 17
942 696
949 273
793 881
82 211
222 814
532 239
553 613
123 100
208 251
483 854
418 499
183 194
61 992
529 364
325 405
991 493
91 864
182 198
206 102
816 662
137 692
640 702
622 482
48 898
195 5
655 681
192 86
989 375
806 374
879 285
833 450
103 813
369 221
149 151
158 535
755 562
565 923
399 803
90 210
970 160

7 28 83
40 481 5
7 755 7
712 114 17
5 653 13
305 297 7
106 243 14
220 668 20
223 462
418 399
83 743
974 380
267 600
353 613
841 889
526 565
325 696
755 825
33 864
570 66
935 701
130 159
885 42
535 203
180 841
746 944
205 881
358 551
84 757
0 417
362 234
731 934
529 289
494 452
740 865
488 286

36 122 365
40 481 5
7 755 7
712 114 17
5 653 13
305 297 7
106 243 14
220 668 20
75 471 1
139 799 4
497 900 8
458 503 0
352 605 5
655 851 17
877 441 9
5 689 17
126 22 10
525 957 19
802 291 8
705 262 0
669 434 9
534 20 6
584 958 3
18 223 14
913 221 6
367 232 18
820 346 19
386 503 15
879 132 3
335 421 6
111 299 17
735 314 7
836 920 18
763 333 11
160 632 5
804 804 7
219 86 20
183 342
88 204
821 387
889 378
615 589
425 939
961 221
346 145
137 375
143 724
253 727
255 703
826 968
475 188
207 646
998 522
744 771
571 955
718 659
82 721
339 398
314 377
130 473
731 381
994 566
457 387
342 240
904 954
208 849
649 473
304 630
189 468
556 303
616 884
306 754
298 441
621 517
5 756
884 495
415 576
417 299
524 517
324 219
628 734
458 937
514 489
89 239
685 808
365 35
76 678
979 709
238 509
197 515
579 269
818 151
835 504
99 671
581 625
799 442
583 430
847 212
302 774
145 481
207 492
590 761
269 467
483 964
31 635
595 607
128 190
825 819
813 921
503 361
976 341
179 558
471 88
306 138
744 162
3 319
6 146
531 483
719 537
558 983
761 172
528 804
395 669
403 178
285 52
164 593
423 543
31 387
791 442
665 31
982 652
492 77
884 873
925 562
773 84
1000 988
848 827
726 467
990 105
553 370
220 695
156 875
941 957
383 141
44 804
44 959
496 743
320 808
229 245
814 798
716 385
530 351
948 211
449 305
489 40
658 706
619 571
149 185
553 184

31 102 304
40 481 5
7 755 7
712 114 17
5 653 13
305 297 7
106 243 14
220 668 20
75 471 1
139 799 4
497 900 8
458 503 0
352 605 5
655 851 17
877 441 9
5 689 17
126 22 10
525 957 19
802 291 8
705 262 0
669 434 9
534 20 6
584 958 3
18 223 14
913 221 6
367 232 18
820 346 19
386 503 15
879 132 3
335 421 6
111 299 17
735 314 7
562 719
654 812
706 798
485 458
625 101
381 139
845 202
883 570
502 464
639 168
217 34
114 705
481 422
753 777
935 438
621 718
631 624
13 200
607 388
913 254
300 346
742 736
163 448
939 418
624 429
394 93
707 169
810 341
206 611
188 988
168 734
875 856
411 845
965 125
646 537
419 836
683 165
492 621
619 46
970 405
993 152
577 905
44 19
951 146
861 260
552 442
735 582
840 79
122 404
175 170
336 913
703 727
493 590
940 874
425 653
809 733
654 342
356 712
500 256
598 46
355 221
547 370
810 256
51 675
834 553
425 100
213 580
444 235
984 736
502 64
303 542
764 552
647 560
640 649
561 579
20 657
828 77
724 926
690 440
762 655
330 503
123 218
370 998
128 77
537 674
950 383
582 575
371 476
902 520
336 5
502 787
603 383
932 347
546 249
164 646
706 64
753 699
420 149
773 368
42 214
654 979
521 669

35 116 345
40 481 5
7 755 7
712 114 17
5 653 13
305 297 7
106 243 14
220 668 20
75 471 1
139 799 4
497 900 8
458 503 0
352 605 5
655 851 17
877 441 9
5 689 17
126 22 10
525 957 19
802 291 8
705 262 0
669 434 9
534 20 6
584 958 3
18 223 14
913 221 6
367 232 18
820 346 19
386 503 15
879 132 3
335 421 6
111 299 17
735 314 7
836 920 18
763 333 11
160 632 5
804 804 7
464 951
947 887
992 861
695 366
123 665
416 931
224 785
3 49
519 702
758 311
587 11
880 899
462 689
423 364
87 194
142 813
196 687
990 564
695 547
819 390
469 788
661 579
915 299
737 742
413 609
253 405
269 331
226 31
501 89
154 493
973 873
263 211
660 848
708 266
340 415
176 768
897 717
49 356
23 614
486 179
374 365
762 697
201 233
328 413
323 953
573 60
995 688
427 32
564 907
204 522
936 143
596 938
84 287
426 394
223 5
511 716
863 673
828 930
898 711
701 581
957 496
896 853
635 93
540 396
602 813
692 941
107 534
591 807
150 260
140 875
974 587
744 896
966 3
360 822
39 456
470 159
336 371
593 667
161 80
824 20
160 637
432 329
635 564
191 464
403 510
541 111
69 813
656 596
980 419
208 151
450 935
710 938
209 72
983 662
687 394
554 379
910 1
175 678
88 54
197 342
91 105
641 285
885 123
771 37
650 649
775 870
643 943
697 705
413 995
530 33
817 654
270 95
90 653
934 300
532 106
672 436

26 86 256
40 481 5
7 755 7
712 114 17
5 653 13
305 297 7
106 243 14
220 668 20
75 471 1
139 799 4
497 900 8
458 503 0
352 605 5
655 851 17
877 441 9
5 689 17
126 22 10
525 957 19
802 291 8
705 262 0
669 434 9
534 20 6
584 958 3
18 223 14
913 221 6
367 232 18
820 346 19
796 113
274 43
482 466
538 205
21 303
116 644
461 224
755 325
393 509
180 410
473 496
706 995
297 999
558 559
705 174
605 944
982 487
564 863
689 909
708 891
371 47
442 123
830 719
783 88
812 791
527 118
821 358
804 938
248 186
175 482
318 328
107 203
461 2
430 820
151 985
810 72
628 2
956 94
58 809
535 331
426 261
987 983
925 397
784 990
440 177
670 918
109 27
166 12
442 942
172 376
354 770
969 570
957 802
848 973
714 975
961 449
406 727
398 544
726 713
367 781
315 196
1000 363
411 349
62 646
432 57
639 906
643 525
48 674
716 788
706 76
438 935
282 233
915 111
126 770
800 92
408 947
818 856
184 664
208 782
24 47
131 790
190 119
814 764
657 359
693 464
451 215

8 29 84
40 481 5
7 755 7
712 114 17
5 653 13
305 297 7
106 243 14
220 668 20
75 471 1
715 668
882 942
533 459
244 140
115 981
878 203
235 54
808 428
485 222
256 944
93 371
42 912
175 673
182 581
891 424
818 33
529 341
718 366
413 108
85 80
702 489
270 187
454 227
666 26
540 959
919 370
105 856
331 133
209 847

26 86 256
40 481 5
7 755 7
712 114 17
5 653 13
305 297 7
106 243 14
220 668 20
75 471 1
139 799 4
497 900 8
458 503 0
352 605 5
655 851 17
877 441 9
5 689 17
126 22 10
525 957 19
802 291 8
705 262 0
669 434 9
534 20 6
584 958 3
18 223 14
913 221 6
367 232 18
820 346 19
660 126
96 719
609 668
282 63
755 166
585 148
19 489
5 175
381 860
787 789
917 348
887 740
914 680
649 101
767 182
750 679
417 967
178 785
453 353
316 132
28 433
628 157
987 183
284 171
381 582
571 578
972 843
962 647
826 703
470 891
720 366
313 274
420 457
520 223
634 847
832 643
257 311
679 394
303 20
592 635
698 289
603 532
626 380
656 370
669 27
564 914
228 814
916 535
290 357
249 18
355 25
477 10
776 830
98 840
208 873
404 701
531 640
819 4
961 462
355 879
708 128
523 929
452 885
912 728
801 878
996 109
558 708
938 252
949 432
948 62
785 67
917 451
898 283
136 402
413 386
536 156
733 153
507 629
527 276
813 505
88 293
165 999
172 194
95 444
712 135
305 216

32 108 322
40 481 5
7 755 7
712 114 17
5 653 13
305 297 7
106 243 14
220 668 20
75 471 1
139 799 4
497 900 8
458 503 0
352 605 5
655 851 17
877 441 9
5 689 17
126 22 10
525 957 19
802 291 8
705 262 0
669 434 9
534 20 6
584 958 3
18 223 14
913 221 6
367 232 18
820 346 19
386 503 15
879 132 3
335 421 6
111 299 17
735 314 7
836 920 18
203 854
528 233
663 799
431 830
705 248
517 155
947 527
433 24
534 544
527 940
493 925
782 181
998 978
646 217
363 144
514 390
868 605
523 757
269 440
684 303
988 507
745 968
446 107
319 68
786 272
100 828
566 338
814 205
852 396
859 441
958 244
502 516
247 955
681 353
218 275
88 941
57 486
985 890
15 593
806 703
396 970
205 489
427 595
559 669
152 761
509 472
342 829
460 122
270 931
307 859
487 693
748 370
537 984
963 184
328 280
486 357
99 244
530 480
223 21
759 303
124 233
139 880
881 624
198 338
797 379
892 43
482 719
306 902
869 963
435 194
58 712
71 641
459 638
146 247
106 282
904 35
886 857
612 761
144 194
418 905
578 479
733 289
282 58
706 710
38 857
380 732
916 504
325 380
974 17
998 415
146 483
698 815
373 779
422 129
333 714
326 908
644 632
613 213
91 389
770 11
800 502
431 454
459 681
808 181
940 593
907 466
124 532
884 389

9 30 88
40 481 5
7 755 7
712 114 17
5 653 13
305 297 7
106 243 14
220 668 20
75 471 1
139 799 4
614 103
648 729
663 411
124 857
613 259
803 485
205 959
496 687
362 667
254 513
77 479
673 312
543 89
899 95
281 662
719 731
483 641
897 80
399 546
942 868
514 798
390 123
881 98
262 9
870 414
227 493
979 700
525 605
858 613
930 75

33 112 333
40 481 5
7 755 7
712 114 17
5 653 13
305 297 7
106 243 14
220 668 20
75 471 1
139 799 4
497 900 8
458 503 0
352 605 5
655 851 17
877 441 9
5 689 17
126 22 10
525 957 19
802 291 8
705 262 0
669 434 9
534 20 6
584 958 3
18 223 14
913 221 6
367 232 18
820 346 19
386 503 15
879 132 3
335 421 6
111 299 17
735 314 7
836 920 18
763 333 11
665 385
201 52
611 378
679 569
799 925
158 650
300 590
769 940
291 28
784 483
455 288
237 898
775 490
227 964
891 571
262 486
215 302
373 489
946 559
80 818
183 835
222 920
108 447
177 516
242 123
116 261
168 129
914 635
485 110
152 396
971 796
933 210
964 244
263 599
796 299
334 744
727 752
410 85
17 671
234 578
968 620
181 304
361 784
119 892
318 183
631 901
214 560
91 751
187 372
644 912
176 915
697 312
343 121
654 374
726 290
163 473
649 135
31 583
929 755
38 622
71 177
164 326
579 449
1 315
235 895
60 238
889 74
74 776
177 583
93 322
645 207
734 890
295 173
74 876
480 528
148 573
921 420
621 746
961 825
136 734
942 713
491 833
153 917
969 403
520 414
1 776
238 131
194 471
426 968
980 544
89 95
116 546
292 296
473 873
413 175
81 373
358 513
491 667
257 254
835 471
207 391
445 499
131 269
568 555
34 627
656 101
986 30
689 430
885 763
594 393
304 769
618 811

26 86 256
40 481 5
7 755 7
712 114 17
5 653 13
305 297 7
106 243 14
220 668 20
75 471 1
139 799 4
497 900 8
458 503 0
352 605 5
655 851 17
877 441 9
5 689 17
126 22 10
525 957 19
802 291 8
705 262 0
669 434 9
534 20 6
584 958 3
18 223 14
913 221 6
367 232 18
820 346 19
303 941
86 629
341 346
988 653
820 373
312 468
215 546
601 842
751 451
630 236
361 322
745 647
994 288
823 571
371 927
321 839
730 333
741 6
47 406
519 367
61 887
335 110
67 748
139 85
116 387
917 982
48 897
580 721
939 924
275 670
112 892
283 593
592 596
482 751
497 291
909 721
293 692
901 578
217 970
395 116
770 179
6 770
950 500
631 554
940 454
327 31
416 952
477 37
421 770
935 356
836 650
380 987
357 194
525 248
909 582
753 456
121 249
879 647
475 859
601 119
519 655
163 819
868 234
194 832
545 99
931 338
615 437
300 954
851 321
421 817
117 429
580 195
450 295
253 899
580 473
963 868
973 401
856 311
776 678
275 425
421 257
168 225
32 445
368 194
850 684
992 622

2 5 12
40 481 5
7 755 7
834 429
114 313
734 627
904 420
394 791

17 58 173
40 481 5
7 755 7
712 114 17
5 653 13
305 297 7
106 243 14
220 668 20
75 471 1
139 799 4
497 900 8
458 503 0
352 605 5
655 851 17
877 441 9
5 689 17
126 22 10
525 957 19
823 339
107 245
690 46
113 138
24 546
745 860
785 208
523 412
712 448
775 833
537 69
691 449
373 945
880 143
190 351
492 458
500 244
734 121
369 50
53 253
238 138
508 784
593 408
517 193
38 365
196 740
889 983
407 897
73 695
577 437
101 367
278 413
990 908
133 489
439 861
431 754
911 179
549 273
140 564
832 387
656 401
85 941
360 438
926 239
727 978
791 577
940 568
289 979
687 318
836 414
877 303
499 686
404 261
992 669
39 46
502 616
259 891
686 873

12 34 101
40 481 5
7 755 7
712 114 17
5 653 13
305 297 7
106 243 14
220 668 20
75 471 1
139 799 4
497 900 8
458 503 0
352 605 5
365 68
52 933
234 418
834 489
897 297
490 150
649 738
776 781
791 167
330 271
809 820
974 953
173 686
61 813
838 192
792 14
135 753
497 762
525 393
450 785
811 647
903 247
242 281
732 375
546 772
36 730
144 922
759 928
40 229
847 945
923 891
920 688
309 203
32 845

37 127 378
40 481 5
7 755 7
712 114 17
5 653 13
305 297 7
106 243 14
220 668 20
75 471 1
139 799 4
497 900 8
458 503 0
352 605 5
655 851 17
877 441 9
5 689 17
126 22 10
525 957 19
802 291 8
705 262 0
669 434 9
534 20 6
584 958 3
18 223 14
913 221 6
367 232 18
820 346 19
386 503 15
879 132 3
335 421 6
111 299 17
735 314 7
836 920 18
763 333 11
160 632 5
804 804 7
219 86 20
38 202 13
426 357
627 293
288 431
868 634
751 176
560 291
659 826
261 665
548 56
422 850
988 429
453 536
288 178
234 587
868 970
361 415
511 632
738 518
74 686
426 16
478 835
20 316
493 824
598 409
500 120
415 245
935 295
756 681
275 652
561 985
705 963
875 591
414 537
738 26
463 862
507 386
856 49
41 820
118 165
682 939
892 531
192 370
337 236
565 229
673 119
44 54
717 393
494 119
796 995
982 235
847 597
13 441
517 405
772 426
730 797
489 219
439 870
940 613
972 727
210 55
717 125
342 754
523 869
622 47
90 48
185 333
345 590
161 619
933 556
792 728
481 524
944 356
391 237
821 822
283 328
693 625
463 994
59 118
711 989
321 311
271 612
33 347
784 574
326 404
743 573
752 998
228 136
974 899
881 350
108 430
862 977
530 481
165 23
500 528
945 693
30 406
90 235
713 523
880 680
999 819
820 413
996 603
156 423
589 112
525 218
441 264
498 73
15 912
297 54
844 958
169 302
294 636
617 930
670 668
123 82
512 90
701 400
640 884
620 490
645 634
368 256
802 391
147 8
899 634
381 466
466 923
706 473

29 94 280
40 481 5
7 755 7
712 114 17
5 653 13
305 297 7
106 243 14
220 668 20
75 471 1
139 799 4
497 900 8
458 503 0
352 605 5
655 851 17
877 441 9
5 689 17
126 22 10
525 957 19
802 291 8
705 262 0
669 434 9
534 20 6
584 958 3
18 223 14
913 221 6
367 232 18
820 346 19
386 503 15
879 132 3
335 421 6
929 714
838 532
644 201
148 760
779 718
685 43
603 10
439 638
945 571
200 466
552 282
75 742
419 384
475 240
213 826
598 874
114 575
433 162
459 627
788 590
754 892
7 875
164 958
697 459
784 25
870 944
60 900
807 222
306 815
628 2
223 204
877 528
123 412
887 487
625 827
421 375
923 761
549 413
209 677
887 902
955 793
441 917
994 165
945 438
675 405
715 284
196 539
76 904
969 732
581 74
694 713
355 235
520 887
974 161
567 269
963 224
314 955
857 32
757 463
157 921
580 56
768 612
103 526
110 894
787 146
768 760
706 95
898 36
68 820
77 519
542 591
732 373
746 418
530 242
111 776
810 147
368 547
562 266
331 154
311 987
118 260
818 111
791 866
266 977
121 804
633 639
701 92
163 429
531 11
678 51
781 27
157 855
305 900
505 534

30 100 297
40 481 5
7 755 7
712 114 17
5 653 13
305 297 7
106 243 14
220 668 20
75 471 1
139 799 4
497 900 8
458 503 0
352 605 5
655 851 17
877 441 9
5 689 17
126 22 10
525 957 19
802 291 8
705 262 0
669 434 9
534 20 6
584 958 3
18 223 14
913 221 6
367 232 18
820 346 19
386 503 15
879 132 3
335 421 6
111 299 17
777 586
888 190
31 707
613 296
706 529
119 423
249 974
117 244
38 866
572 305
426 551
736 481
506 330
837 737
138 381
638 497
901 64
345 768
432 48
693 130
341 891
733 662
650 79
725 429
899 330
444 244
892 9
951 526
420 641
929 69
731 693
350 671
945 280
537 440
697 380
108 521
811 850
66 308
209 210
827 817
543 380
918 268
14 74
971 257
912 791
676 149
255 982
21 825
981 51
491 965
386 273
263 2
865 174
634 663
176 312
914 214
92 353
5 244
514 707
665 614
183 251
952 368
309 798
489 641
820 994
505 249
720 228
911 537
352 24
43 938
692 88
173 352
837 447
598 586
275 242
641 560
727 663
528 447
818 705
733 583
828 575
197 433
455 592
150 560
89 406
218 29
73 769
927 512
36 552
234 108
149 655
351 577
474 700
264 835
988 794
403 190
270 92
989 24
339 718
393 749

1 2 5
40 481 5
902 334
844 384

18 61 181
40 481 5
7 755 7
712 114 17
5 653 13
305 297 7
106 243 14
220 668 20
75 471 1
139 799 4
497 900 8
458 503 0
352 605 5
655 851 17
877 441 9
5 689 17
126 22 10
525 957 19
802 291 8
451 619
256 48
911 135
937 470
945 923
58 307
314 405
873 970
649 294
702 685
477 361
415 128
759 809
332 165
925 600
77 427
271 724
22 6
509 361
551 746
597 752
88 842
581 964
182 804
827 950
488 681
790 672
569 758
68 353
97 905
826 95
894 564
492 601
301 1000
55 632
516 824
690 445
782 539
817 109
881 889
973 738
403 86
61 734
937 129
939 755
413 172
174 224
37 580
764 373
503 760
873 785
549 466
27 448
194 196
922 114
254 517
421 855
104 369
562 492
555 440
648 658

36 122 365
40 481 5
7 755 7
712 114 17
5 653 13
305 297 7
106 243 14
220 668 20
75 471 1
139 799 4
497 900 8
458 503 0
352 605 5
655 851 17
877 441 9
5 689 17
126 22 10
525 957 19
802 291 8
705 262 0
669 434 9
534 20 6
584 958 3
18 223 14
913 221 6
367 232 18
820 346 19
386 503 15
879 132 3
335 421 6
111 299 17
735 314 7
836 920 18
763 333 11
160 632 5
804 804 7
219 86 20
759 733
496 861
546 649
431 848
208 8
593 39
499 866
603 486
922 175
751 825
857 87
850 51
137 925
227 234
827 415
193 99
923 630
31 772
796 873
385 247
593 932
753 771
995 595
326 48
524 964
338 44
85 381
79 616
398 169
498 162
677 144
823 228
800 814
768 380
610 185
755 546
578 127
442 316
875 204
968 296
361 865
757 245
700 966
797 140
461 242
844 787
371 328
670 497
701 654
348 990
556 570
569 262
427 823
82 984
336 870
160 426
72 34
148 201
447 646
782 967
708 133
422 80
756 181
474 176
518 399
647 847
398 214
714 377
533 927
867 576
132 850
48 689
339 978
345 210
473 377
979 828
21 762
885 666
257 656
637 821
357 69
685 371
262 128
52 296
644 621
333 337
868 385
117 234
824 653
512 460
541 647
155 145
646 38
326 852
786 126
375 115
860 166
928 467
385 13
710 841
884 643
815 680
727 375
425 253
560 744
773 591
920 377
925 14
486 843
131 862
803 594
228 45
597 246
624 221
782 786
727 234
659 208
343 350
479 497
798 791
521 162
572 128

22 67 199
40 481 5
7 755 7
712 114 17
5 653 13
305 297 7
106 243 14
220 668 20
75 471 1
139 799 4
497 900 8
458 503 0
352 605 5
655 851 17
877 441 9
5 689 17
126 22 10
525 957 19
802 291 8
705 262 0
669 434 9
534 20 6
584 958 3
298 605
667 298
139 383
500 674
51 365
857 988
40 121
561 99
766 393
68 361
142 30
107 825
849 903
28 417
677 582
839 35
889 655
544 781
70 916
77 971
188 873
242 45
542 387
843 776
697 606
597 117
345 569
826 744
23 747
107 671
176 663
844 450
645 138
896 491
336 710
27 118
667 534
743 943
753 476
33 824
404 657
841 187
944 313
640 719
391 535
1 511
519 364
564 370
211 726
425 723
25 683
499 449
491 238
353 236
484 556
865 930
170 955
119 373
385 965
880 462
537 25
209 647
784 225
237 156
853 501
656 700
53 403

35 116 345
40 481 5
7 755 7
712 114 17
5 653 13
305 297 7
106 243 14
220 668 20
75 471 1
139 799 4
497 900 8
458 503 0
352 605 5
655 851 17
877 441 9
5 689 17
126 22 10
525 957 19
802 291 8
705 262 0
669 434 9
534 20 6
584 958 3
18 223 14
913 221 6
367 232 18
820 346 19
386 503 15
879 132 3
335 421 6
111 299 17
735 314 7
836 920 18
763 333 11
160 632 5
804 804 7
513 194
805 363
991 735
634 595
458 783
768 640
240 316
856 891
857 189
552 917
799 176
540 858
660 213
372 552
80 131
820 153
559 581
189 908
80 255
396 125
43 957
696 428
497 349
743 158
685 989
118 661
931 206
294 959
473 887
934 998
327 452
304 640
296 349
319 541
760 805
257 928
342 998
722 17
868 213
51 726
258 847
114 430
288 849
561 299
867 649
154 460
917 713
71 42
92 452
591 565
276 912
578 915
278 877
634 277
572 773
654 876
643 452
821 573
421 185
315 68
886 277
688 111
689 981
595 867
315 645
810 43
735 21
397 715
70 824
953 402
310 725
859 481
828 571
463 690
949 731
442 42
86 326
614 814
187 804
552 470
802 438
708 963
909 438
766 401
464 534
417 479
145 503
381 396
90 677
310 79
597 171
687 351
375 486
271 316
363 679
996 416
393 202
229 390
893 298
885 851
132 721
355 164
938 960
666 845
794 364
111 995
397 544
900 650
98 850
489 40
444 862
49 45
842 909
920 234
804 96
703 704

32 108 322
40 481 5
7 755 7
712 114 17
5 653 13
305 297 7
106 243 14
220 668 20
75 471 1
139 799 4
497 900 8
458 503 0
352 605 5
655 851 17
877 441 9
5 689 17
126 22 10
525 957 19
802 291 8
705 262 0
669 434 9
534 20 6
584 958 3
18 223 14
913 221 6
367 232 18
820 346 19
386 503 15
879 132 3
335 421 6
111 299 17
735 314 7
836 920 18
39 171
530 420
238 558
554 395
598 813
81 894
5 19
477 133
493 917
288 364
558 894
579 221
748 476
376 761
271 826
737 827
275 168
670 800
124 17
863 949
1 59
941 71
839 405
321 51
603 966
408 31
153 375
658 100
215 724
54 311
722 327
485 734
596 71
857 460
953 352
34 47
34 121
816 592
607 74
333 698
123 561
958 334
199 916
402 403
375 728
412 946
545 901
741 260
362 888
634 893
738 581
418 486
558 180
5 578
210 853
817 16
848 15
26 297
16 895
115 230
362 61
962 253
486 700
812 916
598 508
63 928
626 549
933 686
288 743
806 583
708 919
823 641
14 878
892 60
983 175
165 751
516 402
4 334
868 505
185 556
267 91
632 493
554 141
63 834
120 804
975 429
676 29
92 941
811 695
37 149
516 362
80 792
389 341
422 245
997 259
271 303
995 961
443 576
215 479
31 179
725 103
188 176
723 877
660 230
459 678
916 401
190 335
783 165

24 74 219
40 481 5
7 755 7
712 114 17
5 653 13
305 297 7
106 243 14
220 668 20
75 471 1
139 799 4
497 900 8
458 503 0
352 605 5
655 851 17
877 441 9
5 689 17
126 22 10
525 957 19
802 291 8
705 262 0
669 434 9
534 20 6
584 958 3
18 223 14
913 221 6
209 584
274 196
470 595
444 220
987 329
1000 22
191 757
425 56
612 459
831 643
459 790
419 712
122 98
158 246
600 127
370 683
673 183
612 227
45 502
522 751
885 457
817 787
489 413
384 247
314 67
70 639
934 518
869 915
759 677
980 520
601 513
0 79
491 793
363 960
662 376
451 20
123 29
959 64
991 61
935 34
535 174
606 873
288 654
52 25
281 586
851 888
427 879
698 4
399 623
993 140
793 415
510 332
433 506
495 49
512 356
839 180
525 794
658 545
336 266
5 862
907 60
186 625
789 705
484 584
194 375
65 196
791 483
537 4
5 303
35 254
122 837
243 386
45 306
406 410

30 100 297
40 481 5
7 755 7
712 114 17
5 653 13
305 297 7
106 243 14
220 668 20
75 471 1
139 799 4
497 900 8
458 503 0
352 605 5
655 851 17
877 441 9
5 689 17
126 22 10
525 957 19
802 291 8
705 262 0
669 434 9
534 20 6
584 958 3
18 223 14
913 221 6
367 232 18
820 346 19
386 503 15
879 132 3
335 421 6
111 299 17
396 587
356 474
6 296
598 821
99 808
362 100
178 519
815 534
658 186
444 330
269 257
180 843
87 48
527 470
767 252
433 357
427 458
152 528
995 217
162 947
621 529
772 615
421 60
14 995
276 454
335 883
762 378
812 778
593 917
65 184
837 323
931 757
945 893
528 167
167 626
754 226
238 168
77 420
611 857
857 205
905 815
667 84
226 501
456 314
567 957
902 224
554 156
624 73
964 824
451 733
649 784
289 925
51 319
388 41
665 34
885 253
228 216
457 19
977 284
700 405
478 787
12 54
690 87
86 914
616 168
686 366
401 260
419 774
266 7
795 598
324 114
100 863
870 516
34 7
773 997
269 140
683 788
889 699
673 239
892 288
968 111
146 740
313 212
973 246
92 100
456 254
942 371
775 163
444 619
43 873
591 452
551 261
682 988
159 433
403 797
917 47
538 188
510 942
876 443
852 689

16 52 154
40 481 5
7 755 7
712 114 17
5 653 13
305 297 7
106 243 14
220 668 20
75 471 1
139 799 4
497 900 8
458 503 0
352 605 5
655 851 17
877 441 9
5 689 17
126 22 10
160 554
36 887
719 771
448 78
839 718
69 513
625 3
748 546
921 433
60 476
488 11
987 397
220 657
871 355
701 989
176 46
527 756
4 894
918 898
779 331
126 328
805 845
217 897
73 325
585 581
808 772
831 281
222 953
579 283
639 690
962 931
125 578
449 553
665 273
535 308
735 665
338 639
437 69
476 37
410 551
977 520
561 651
599 63
700 757
31 75
392 144
863 242
836 192
860 481
522 465
623 656
139 295

36 122 365
40 481 5
7 755 7
712 114 17
5 653 13
305 297 7
106 243 14
220 668 20
75 471 1
139 799 4
497 900 8
458 503 0
352 605 5
655 851 17
877 441 9
5 689 17
126 22 10
525 957 19
802 291 8
705 262 0
669 434 9
534 20 6
584 958 3
18 223 14
913 221 6
367 232 18
820 346 19
386 503 15
879 132 3
335 421 6
111 299 17
735 314 7
836 920 18
763 333 11
160 632 5
804 804 7
219 86 20
793 309
135 23
450 715
970 122
439 802
563 887
258 317
771 494
737 628
627 145
190 864
486 710
864 776
155 205
418 306
587 66
55 340
75 318
808 671
552 39
322 378
839 163
189 969
980 158
419 166
483 200
102 751
360 427
913 959
768 193
842 64
127 245
548 976
938 519
897 453
510 965
206 831
317 129
645 781
955 81
489 878
155 570
50 2
691 357
100 715
240 780
958 574
193 655
519 581
404 761
430 967
608 201
676 614
944 473
551 313
1 143
680 345
22 819
534 894
832 607
805 779
75 977
823 33
49 611
861 51
866 116
688 915
615 502
466 211
175 79
674 315
871 226
852 470
255 85
843 839
96 513
471 703
622 693
623 246
601 923
293 346
731 401
783 447
606 555
968 278
753 742
906 602
34 305
737 231
679 97
497 680
325 600
933 418
618 445
611 423
601 459
983 38
157 319
805 386
28 790
743 157
424 291
995 506
688 223
35 608
38 899
672 686
65 358
405 125
53 355
937 464
191 635
245 351
770 535
92 531
123 961
926 484
179 147
83 299
866 75
833 735
4 770

7 28 83
40 481 5
7 755 7
712 114 17
5 653 13
305 297 7
106 243 14
220 668 20
1000 319
737 784
498 669
886 712
79 851
813 558
741 974
920 971
146 260
769 885
913 438
429 948
684 192
604 943
277 405
43 935
304 71
889 759
223 448
961 696
445 964
609 566
644 737
552 399
520 915
226 309
756 927
793 463

35 116 345
40 481 5
7 755 7
712 114 17
5 653 13
305 297 7
106 243 14
220 668 20
75 471 1
139 799 4
497 900 8
458 503 0
352 605 5
655 851 17
877 441 9
5 689 17
126 22 10
525 957 19
802 291 8
705 262 0
669 434 9
534 20 6
584 958 3
18 223 14
913 221 6
367 232 18
820 346 19
386 503 15
879 132 3
335 421 6
111 299 17
735 314 7
836 920 18
763 333 11
160 632 5
804 804 7
660 22
211 436
775 742
846 855
987 151
849 619
857 966
710 663
51 943
72 388
958 274
466 49
788 556
513 149
781 11
973 639
276 543
749 460
650 280
416 273
505 551
950 728
773 646
605 0
557 884
831 936
43 556
479 820
953 312
835 218
689 214
659 372
637 444
460 661
531 682
246 49
596 210
772 3
163 529
374 889
562 59
531 626
882 484
188 41
631 246
721 326
184 985
848 186
430 109
898 594
66 208
367 410
389 417
46 834
722 222
424 908
246 778
277 506
455 409
20 857
907 913
488 204
321 712
800 864
874 343
197 904
518 364
183 841
690 39
850 826
427 403
86 162
64 959
985 972
271 930
826 254
369 92
473 432
616 493
764 525
292 17
923 283
129 843
602 213
184 396
815 840
380 483
809 17
288 984
697 436
17 31
762 198
132 327
852 531
556 402
749 618
466 340
587 791
50 654
798 350
998 106
933 110
612 550
289 865
82 964
946 525
145 457
878 977
782 594
444 394
513 458
563 856
147 178
810 214
651 804
73 148

23 72 213
40 481 5
7 755 7
712 114 17
5 653 13
305 297 7
106 243 14
220 668 20
75 471 1
139 799 4
497 900 8
458 503 0
352 605 5
655 851 17
877 441 9
5 689 17
126 22 10
525 957 19
802 291 8
705 262 0
669 434 9
534 20 6
584 958 3
18 223 14
331 106
650 133
28 804
194 584
472 306
554 762
431 625
825 933
246 187
177 405
787 980
218 962
470 624
671 513
210 450
571 696
436 630
518 86
167 163
326 319
320 320
965 277
244 805
309 276
672 45
72 239
512 465
259 481
603 871
773 575
18 625
287 214
437 39
598 991
801 450
409 693
774 688
289 639
517 67
734 760
586 945
1 956
796 604
885 191
982 279
972 856
211 695
261 201
836 587
768 74
61 138
369 270
795 8
763 171
857 717
367 219
658 815
546 822
545 326
774 729
702 414
151 373
478 316
107 67
495 519
179 786
310 803
85 581
96 134
924 205
747 876
33 665

24 74 219
40 481 5
7 755 7
712 114 17
5 653 13
305 297 7
106 243 14
220 668 20
75 471 1
139 799 4
497 900 8
458 503 0
352 605 5
655 851 17
877 441 9
5 689 17
126 22 10
525 957 19
802 291 8
705 262 0
669 434 9
534 20 6
584 958 3
18 223 14
913 221 6
832 596
840 573
69 857
451 958
280 829
115 156
896 660
164 362
549 751
176 210
133 296
424 921
648 34
325 838
592 356
979 231
219 527
904 313
817 834
898 176
689 686
735 893
296 358
944 514
811 157
495 67
422 593
761 382
341 205
88 341
141 178
167 132
383 48
925 284
942 94
953 188
396 721
361 599
889 892
824 734
472 370
302 977
863 73
39 474
747 560
20 157
681 111
121 996
306 0
637 896
24 57
635 962
18 402
788 610
938 167
376 715
332 473
737 461
893 373
655 795
318 577
871 572
109 411
25 479
785 234
918 585
544 521
413 218
709 830
0 511
111 139
226 684
611 588
117 696

17 58 173
40 481 5
7 755 7
712 114 17
5 653 13
305 297 7
106 243 14
220 668 20
75 471 1
139 799 4
497 900 8
458 503 0
352 605 5
655 851 17
877 441 9
5 689 17
126 22 10
525 957 19
632 306
605 900
976 281
629 739
887 738
711 589
967 387
724 822
392 884
995 571
880 582
219 378
562 392
645 158
979 943
928 260
933 548
369 945
778 806
702 747
100 799
464 486
797 662
312 330
218 20
624 361
858 248
941 875
554 16
680 557
86 93
385 290
285 989
282 51
744 743
309 460
183 214
96 716
103 847
166 980
575 638
588 602
102 903
334 233
666 975
30 426
647 707
212 524
547 688
848 25
869 957
900 718
430 288
539 994
277 750
365 587
577 619
428 413

3 10 29
40 481 5
7 755 7
712 114 17
527 80
376 511
469 791
473 254
662 234
807 41
606 247
623 479
395 483
369 335

33 112 333
40 481 5
7 755 7
712 114 17
5 653 13
305 297 7
106 243 14
220 668 20
75 471 1
139 799 4
497 900 8
458 503 0
352 605 5
655 851 17
877 441 9
5 689 17
126 22 10
525 957 19
802 291 8
705 262 0
669 434 9
534 20 6
584 958 3
18 223 14
913 221 6
367 232 18
820 346 19
386 503 15
879 132 3
335 421 6
111 299 17
735 314 7
836 920 18
763 333 11
834 770
560 75
5 674
712 722
277 373
210 516
559 949
955 907
132 216
928 81
47 879
964 363
247 661
352 56
527 319
866 626
974 904
352 539
680 68
750 942
338 18
169 855
406 856
300 330
49 610
407 846
705 873
479 760
917 174
791 932
634 141
325 611
812 800
333 541
288 862
214 110
506 775
724 486
462 666
247 901
399 790
968 79
199 793
522 134
273 542
993 596
793 807
712 643
47 580
866 381
772 932
558 670
131 865
536 693
544 362
555 876
352 381
636 636
17 957
973 374
410 550
616 135
173 983
439 346
430 663
68 696
855 222
693 960
466 301
127 948
612 915
774 783
468 202
797 340
509 22
234 414
970 571
405 711
799 946
253 837
208 24
493 96
640 436
433 830
326 245
997 982
306 101
594 647
441 110
115 431
625 602
994 898
319 538
346 91
541 857
857 620
427 916
845 914
329 544
993 601
198 246
30 959
64 322
823 818
660 877
663 861
306 607
54 30
91 615
847 603
431 856
659 239

3 10 29
40 481 5
7 755 7
712 114 17
904 836
941 39
778 907
181 540
711 356
804 154
548 230
221 884
112 351
934 272

