2 2 46
99 93 19
42 51 2
1 12
14 83
8 6 20
86 77 11
74 93 21
74 37 5
52 16 2
12 35 0
75 67 7
14 22 5
62 52 15
21 10
13 86
40 80
45 0
71 21
81 14
2 4 20
23 82 11
99 54 7
97 80
65 27
46 77
11 84
5 3 19
56 93 18
3 17 19
80 19 7
97 99 19
84 82 4
59 35
15 96
52 65
1 7 26
37 1 18
68 48
62 66
81 32
83 85
54 93
23 26
70 35
5 7 36
36 36 20
19 26 7
17 9 13
58 83 17
44 54 21
21 47
64 32
58 82
73 56
7 85
75 63
76 97
7 4 5
69 89 18
14 97 5
20 44 7
31 10 21
60 69 1
36 10 12
25 53 10
27 20
13 45
6 100
8 27
6 6 9
34 70 22
93 75 6
78 33 1
64 79 21
75 85 12
52 85 11
40 9
3 55
1 41
13 64
45 57
75 60
6 6 1
17 86 4
76 65 9
28 87 10
11 66 13
36 21 21
24 48 17
68 14
10 25
25 90
50 97
4 100
43 55
3 2 26
21 40 3
11 29 9
25 38 18
26 18
34 12
1 1 26
65 61 11
14 16
2 7 48
67 52 24
79 45 17
9 54
65 56
64 4
19 99
66 85
37 9
64 52
2 3 32
2 67 1
52 21 2
50 94
36 6
15 83
1 3 6
63 22 1
23 89
2 41
3 19
1 6 36
5 94 9
64 1
90 90
86 32
46 94
61 51
52 6
6 2 17
46 50 23
44 56 18
41 10 12
3 61 15
51 44 20
44 93 4
39 38
46 41
7 7 5
1 32 5
29 66 18
8 92 22
66 76 6
12 12 21
56 54 13
51 59 9
44 71
18 66
52 46
37 2
82 62
35 100
82 49
4 3 38
97 84 24
91 45 21
85 91 18
65 91 8
65 41
89 74
80 54
7 6 47
65 17 6
33 80 2
66 48 1
6 36 17
51 9 11
25 97 5
63 88 2
3 16
66 67
79 36
88 27
72 99
72 7
3 2 36
77 37 4
96 99 17
4 100 7
22 3
53 71
6 4 29
52 5 13
54 87 16
97 62 20
71 40 9
82 15 21
53 19 19
47 84
47 82
52 94
90 24
5 3 15
49 64 8
73 100 23
6 6 24
50 62 3
55 9 17
100 80
86 62
76 89
4 6 13
89 33 17
90 85 8
40 31 9
56 67 23
99 91
8 0
37 81
42 84
43 89
4 8
6 5 31
33 39 23
93 36 2
49 12 6
7 42 23
92 92 23
7 70 20
68 73
19 7
58 91
93 79
98 53
1 4 8
87 81 19
88 33
70 38
8 46
73 19
2 6 0
55 39 0
3 75 22
33 81
71 66
32 31
23 95
52 80
96 47
7 6 0
94 96 24
23 13 16
49 41 9
93 46 10
79 37 9
67 21 2
95 13 20
30 94
86 71
21 68
45 92
2 0
3 44
4 2 37
14 23 22
51 30 20
32 24 6
36 39 12
95 40
15 98
8 8 35
40 80 8
95 63 8
13 10 18
8 27 22
81 13 9
4 32 16
98 61 21
44 77 13
15 31
53 79
73 29
36 100
9 35
33 53
32 56
15 34
8 4 3
74 19 15
84 58 15
73 56 23
100 0 2
26 6 21
80 14 10
35 65 12
22 89 12
13 42
88 67
12 89
7 46
7 8 12
9 87 19
90 17 12
83 1 16
20 75 23
91 70 18
44 67 22
71 56 15
69 11
36 47
65 7
86 52
93 56
4 72
35 48
88 70
5 3 28
26 38 16
65 99 7
59 75 16
31 57 16
47 30 8
13 95
45 22
66 34
6 5 40
21 8 3
90 20 15
98 26 12
15 10 3
81 10 9
39 92 8
82 100
69 54
76 12
79 19
2 98
1 1 48
80 93 3
29 49
6 3 40
65 34 11
74 31 14
18 0 19
19 40 4
71 67 2
1 79 11
84 98
69 7
74 50
4 6 4
36 68 3
42 50 24
77 28 6
22 18 20
37 35
4 7
63 83
84 29
58 57
40 18
4 2 39
37 10 18
57 19 18
99 55 20
29 59 5
18 42
11 9
1 4 2
72 22 17
71 22
42 16
44 71
100 80
4 2 18
71 44 6
11 86 11
98 87 0
85 37 15
7 67
86 28
2 1 19
9 98 16
55 76 12
92 100
3 1 24
35 84 5
67 95 5
84 19 24
98 3
1 8 36
7 63 22
30 34
75 73
53 69
37 36
14 99
76 79
13 70
93 5
5 7 16
71 45 18
4 2 13
57 65 9
77 29 10
51 4 22
54 34
31 97
19 68
65 24
43 35
43 40
44 32
4 3 10
66 85 1
95 23 1
31 57 8
62 40 3
19 98
85 82
38 23
3 6 27
41 3 6
12 35 5
74 0 17
30 37
64 70
19 54
49 73
40 48
16 42
1 6 6
51 100 19
39 55
91 36
33 84
19 64
40 14
11 4
5 2 18
10 66 18
89 40 16
5 32 0
0 54 8
31 74 0
28 73
13 0
4 2 7
29 61 21
87 68 13
52 32 1
99 70 0
58 45
31 30
6 8 20
86 51 6
91 25 22
100 15 10
41 9 13
55 83 5
44 23 6
81 45
61 98
40 77
95 47
4 0
72 53
68 51
28 46
6 7 39
11 28 2
54 78 18
68 34 5
91 56 10
68 81 21
27 74 7
48 23
5 16
74 95
6 81
45 66
43 16
84 15
5 7 16
14 99 6
61 29 10
16 63 0
64 32 14
38 62 19
9 82
0 90
52 30
50 70
55 14
19 6
14 15
3 3 45
93 71 8
71 16 22
19 59 6
60 60
64 13
35 15
8 2 34
13 41 0
33 85 21
71 77 5
34 42 1
85 1 15
67 60 8
99 86 18
63 99 8
70 79
20 10
5 6 7
96 95 17
63 14 4
9 19 20
61 26 11
84 12 16
93 33
64 49
70 25
53 97
97 86
15 6
2 4 33
96 44 14
26 42 10
7 81
40 34
33 24
8 62
2 4 40
14 87 23
77 65 24
26 78
62 84
32 3
71 65
5 8 31
95 72 22
81 32 22
97 38 12
77 50 15
3 100 10
73 32
6 32
33 91
14 20
44 97
56 75
37 17
30 3
7 5 43
8 42 22
65 43 1
7 43 23
82 59 0
58 94 13
91 25 19
52 18 1
58 25
82 78
73 50
6 1
66 53
3 7 46
57 85 8
8 62 9
13 43 16
33 96
21 77
43 4
14 45
57 44
92 82
61 94
2 1 29
16 89 8
89 40 3
92 9
7 6 29
66 85 17
30 59 11
50 1 22
36 61 20
30 11 15
38 87 10
78 22 24
100 77
30 49
51 21
26 93
61 70
95 59
8 1 40
97 77 21
51 25 0
97 100 8
70 45 1
39 91 15
91 62 12
5 55 16
18 57 20
27 80
7 1 17
28 88 0
55 31 5
85 33 12
59 92 16
78 86 7
12 52 17
16 66 17
96 7
6 8 16
84 11 13
92 12 7
84 9 9
1 26 5
70 27 4
45 15 22
82 20
26 100
17 8
37 89
100 44
33 16
26 80
53 12
5 1 35
6 92 4
93 68 4
5 97 9
6 29 22
19 75 9
69 28
8 4 22
69 18 14
21 77 8
100 46 6
22 41 1
4 11 3
2 92 15
7 42 20
61 67 3
9 56
43 28
60 66
36 11
3 5 29
18 95 14
47 23 9
53 82 15
16 83
18 31
53 54
87 100
47 50
3 6 41
26 35 15
11 91 7
99 39 18
5 66
35 81
4 81
51 73
73 44
41 68
4 1 35
93 100 10
43 86 22
26 67 0
80 31 2
91 90
5 5 28
66 70 19
70 58 0
77 43 4
6 40 3
66 6 7
98 61
6 48
22 85
92 50
51 61
7 5 47
61 86 7
43 40 14
11 91 20
36 10 15
84 86 19
89 69 12
21 66 20
95 4
82 17
78 34
63 42
52 76
7 8 21
41 40 24
46 76 0
53 22 2
43 71 8
17 95 9
67 44 0
65 16 9
47 22
47 78
81 58
82 4
97 33
43 96
9 65
98 82
6 3 21
14 93 12
14 98 7
8 90 9
62 80 17
50 72 3
30 35 21
33 90
35 26
91 87
4 6 38
51 76 7
80 60 15
64 48 14
85 72 8
40 74
50 37
0 27
45 32
97 35
64 72
2 1 20
90 19 8
78 36 11
60 60
7 3 22
25 69 23
16 60 12
32 11 8
47 28 14
25 5 13
44 62 3
18 42 5
69 26
32 17
13 12
8 4 45
94 35 8
96 4 2
94 46 17
57 80 5
77 56 2
20 89 23
17 14 0
57 99 9
70 52
68 71
26 70
72 83
6 1 11
98 7 6
55 95 20
51 12 21
57 68 0
48 80 13
26 83 8
6 42
8 5 10
47 49 13
19 64 6
49 54 12
85 30 8
46 87 18
86 4 12
52 67 2
86 80 24
88 64
45 55
73 47
63 99
22 35
2 7 22
6 14 12
22 76 3
82 68
16 94
31 89
63 62
87 35
75 87
76 33
7 8 31
20 15 23
2 11 4
36 41 8
41 35 17
100 52 16
60 37 3
95 36 22
84 14
95 21
41 14
31 87
29 79
95 10
6 62
61 88
2 5 36
94 26 2
40 16 4
72 44
5 7
73 68
19 7
24 10
7 5 37
26 16 14
93 33 14
73 0 0
91 2 17
61 47 4
18 45 1
82 87 22
51 64
75 62
61 70
41 51
9 78
3 7 14
43 100 17
67 75 1
100 86 3
68 94
38 13
80 38
99 30
3 71
40 73
57 65
1 5 19
55 45 20
38 80
79 19
29 20
57 32
95 39
2 4 21
16 53 24
48 72 17
82 24
80 82
6 28
15 86
3 2 4
93 81 14
0 58 12
6 83 23
67 1
14 52
7 7 9
4 70 2
5 74 24
82 71 4
34 59 16
48 33 0
85 55 18
63 92 21
28 25
34 45
87 23
95 59
57 1
11 58
95 81
2 2 7
61 61 3
22 15 22
76 0
22 91
2 1 19
72 96 15
95 69 18
91 88
5 5 45
35 20 21
33 24 12
20 98 2
15 82 0
86 74 24
75 85
85 39
82 46
57 95
97 25
1 1 34
22 45 14
97 12
1 1 29
36 47 12
100 72
1 5 11
34 32 5
80 39
49 95
40 94
37 12
12 32
1 8 30
55 100 23
93 23
33 57
19 58
53 73
89 46
6 52
53 79
82 46
6 3 22
15 21 18
90 76 2
39 63 11
43 16 20
2 94 12
86 4 22
56 51
39 11
75 12
5 8 48
73 89 11
13 33 6
18 1 22
74 24 22
93 53 14
56 50
34 10
96 30
61 36
91 72
95 81
91 97
29 95
5 4 30
2 95 4
25 91 19
68 21 17
57 71 24
42 74 19
58 62
27 11
53 81
81 57
3 7 12
58 80 0
0 47 21
6 21 21
80 52
96 20
83 70
53 79
34 9
29 68
45 87
6 2 46
50 59 20
21 23 6
80 20 24
44 13 20
83 22 7
35 7 12
61 63
19 43
