1 1 1
1 1 1
2 2

2 2 4
1 1 1
2 2 2
3 3
4 4

3 3 9
1 1 1
2 2 2
3 3 3
4 4
5 5
6 6

4 4 16
1 1 1
2 2 2
3 3 3
4 4 4
5 5
6 6
7 7
8 8

5 5 25
1 1 1
2 2 2
3 3 3
4 4 4
5 5 5
6 6
7 7
8 8
9 9
10 10

6 6 36
1 1 1
2 2 2
3 3 3
4 4 4
5 5 5
6 6 6
7 7
8 8
9 9
10 10
11 11
12 12

7 7 49
1 1 1
2 2 2
3 3 3
4 4 4
5 5 5
6 6 6
7 7 7
8 8
9 9
10 10
11 11
12 12
13 13
14 14

8 8 64
1 1 1
2 2 2
3 3 3
4 4 4
5 5 5
6 6 6
7 7 7
8 8 8
9 9
10 10
11 11
12 12
13 13
14 14
15 15
16 16

9 9 81
1 1 1
2 2 2
3 3 3
4 4 4
5 5 5
6 6 6
7 7 7
8 8 8
9 9 9
10 10
11 11
12 12
13 13
14 14
15 15
16 16
17 17
18 18

10 10 100
1 1 1
2 2 2
3 3 3
4 4 4
5 5 5
6 6 6
7 7 7
8 8 8
9 9 9
10 10 10
11 11
12 12
13 13
14 14
15 15
16 16
17 17
18 18
19 19
20 20

1 1 1
1 1 1
2 2

2 2 3
1 1 1
2 2 2
3 3
4 4

3 3 6
1 1 1
2 2 2
3 3 3
4 4
5 5
6 6

4 4 10
1 1 1
2 2 2
3 3 3
4 4 4
5 5
6 6
7 7
8 8

5 5 15
1 1 1
2 2 2
3 3 3
4 4 4
5 5 5
6 6
7 7
8 8
9 9
10 10

6 6 21
1 1 1
2 2 2
3 3 3
4 4 4
5 5 5
6 6 6
7 7
8 8
9 9
10 10
11 11
12 12

7 7 28
1 1 1
2 2 2
3 3 3
4 4 4
5 5 5
6 6 6
7 7 7
8 8
9 9
10 10
11 11
12 12
13 13
14 14

8 8 36
1 1 1
2 2 2
3 3 3
4 4 4
5 5 5
6 6 6
7 7 7
8 8 8
9 9
10 10
11 11
12 12
13 13
14 14
15 15
16 16

9 9 45
1 1 1
2 2 2
3 3 3
4 4 4
5 5 5
6 6 6
7 7 7
8 8 8
9 9 9
10 10
11 11
12 12
13 13
14 14
15 15
16 16
17 17
18 18

10 10 55
1 1 1
2 2 2
3 3 3
4 4 4
5 5 5
6 6 6
7 7 7
8 8 8
9 9 9
10 10 10
11 11
12 12
13 13
14 14
15 15
16 16
17 17
18 18
19 19
20 20

1 1 3
1 1 1
2 2

2 2 6
1 1 1
2 2 2
3 3
4 4

3 3 9
1 1 1
2 2 2
3 3 3
4 4
5 5
6 6

4 4 12
1 1 1
2 2 2
3 3 3
4 4 4
5 5
6 6
7 7
8 8

5 5 15
1 1 1
2 2 2
3 3 3
4 4 4
5 5 5
6 6
7 7
8 8
9 9
10 10

6 6 18
1 1 1
2 2 2
3 3 3
4 4 4
5 5 5
6 6 6
7 7
8 8
9 9
10 10
11 11
12 12

7 7 21
1 1 1
2 2 2
3 3 3
4 4 4
5 5 5
6 6 6
7 7 7
8 8
9 9
10 10
11 11
12 12
13 13
14 14

8 8 24
1 1 1
2 2 2
3 3 3
4 4 4
5 5 5
6 6 6
7 7 7
8 8 8
9 9
10 10
11 11
12 12
13 13
14 14
15 15
16 16

9 9 27
1 1 1
2 2 2
3 3 3
4 4 4
5 5 5
6 6 6
7 7 7
8 8 8
9 9 9
10 10
11 11
12 12
13 13
14 14
15 15
16 16
17 17
18 18

10 10 30
1 1 1
2 2 2
3 3 3
4 4 4
5 5 5
6 6 6
7 7 7
8 8 8
9 9 9
10 10 10
11 11
12 12
13 13
14 14
15 15
16 16
17 17
18 18
19 19
20 20