4 1 100
1 1 3
3 3 3
4 4 3
5 5 3
2 2

4 2 100
1 1 3
3 3 3
4 4 3
5 5 3
3 3
4 4

4 3 100
1 1 3
3 3 3
4 4 3
5 5 3
4 4
5 5
6 6

4 4 100
1 1 3
3 3 3
4 4 3
5 5 3
5 5
6 6
7 7
8 8

4 5 100
1 1 3
3 3 3
4 4 3
5 5 3
6 6
7 7
8 8
9 9
10 10

4 6 100
1 1 3
3 3 3
4 4 3
5 5 3
7 7
8 8
9 9
10 10
11 11
12 12

4 7 100
1 1 3
3 3 3
4 4 3
5 5 3
8 8
9 9
10 10
11 11
12 12
13 13
14 14

4 8 100
1 1 3
3 3 3
4 4 3
5 5 3
9 9
10 10
11 11
12 12
13 13
14 14
15 15
16 16

4 9 100
1 1 3
3 3 3
4 4 3
5 5 3
9 9
10 10
11 11
12 12
13 13
14 14
15 15
16 16
17 17

4 10 100
1 1 3
3 3 3
4 4 3
5 5 3
9 9
10 10
11 11
12 12
13 13
14 14
15 15
16 16
17 17
18 18

5 1 100
1 1 3
3 3 3
4 4 3
5 5 3
6 6 3
2 2

5 2 100
1 1 3
3 3 3
4 4 3
5 5 3
6 6 3
3 3
4 4

5 3 100
1 1 3
3 3 3
4 4 3
5 5 3
6 6 3
4 4
5 5
6 6

5 4 100
1 1 3
3 3 3
4 4 3
5 5 3
6 6 3
5 5
6 6
7 7
8 8

5 5 100
1 1 3
3 3 3
4 4 3
5 5 3
6 6 3
6 6
7 7
8 8
9 9
10 10

5 6 100
1 1 3
3 3 3
4 4 3
5 5 3
6 6 3
7 7
8 8
9 9
10 10
11 11
12 12

5 7 100
1 1 3
3 3 3
4 4 3
5 5 3
6 6 3
8 8
9 9
10 10
11 11
12 12
13 13
14 14

5 8 100
1 1 3
3 3 3
4 4 3
5 5 3
6 6 3
9 9
10 10
11 11
12 12
13 13
14 14
15 15
16 16

5 9 100
1 1 3
3 3 3
4 4 3
5 5 3
6 6 3
9 9
10 10
11 11
12 12
13 13
14 14
15 15
16 16
17 17

5 10 100
1 1 3
3 3 3
4 4 3
5 5 3
6 6 3
9 9
10 10
11 11
12 12
13 13
14 14
15 15
16 16
17 17
18 18