36 97 289
601 127 0
805 720 10
70 937 8
909 478 1
458 893 1
839 464 18
31 917 0
103 489 9
375 575 15
917 296 1
72 12 1
855 968 17
664 957 1
12 705 9
439 328 12
966 20 10
603 65 17
719 648 10
648 84 0
384 829 10
811 885 2
849 23 17
779 364 11
584 80 8
396 292 10
271 685 16
124 27 4
159 911 5
46 256 10
756 67 1
531 824 6
139 927 20
924 510 8
770 124 11
642 407 0
464 420 10
391 527
803 305
534 36
907 224
304 997
7 249
859 599
217 65
962 399
37 120
156 955
133 652
827 796
852 128
761 64
665 791
311 927
575 943
206 200
946 76
454 851
835 683
341 793
855 841
561 324
738 776
765 158
318 2
451 514
294 987
382 475
821 688
27 326
632 984
583 928
109 590
738 752
757 858
957 831
149 785
684 110
315 657
469 131
451 600
508 89
569 224
538 198
755 792
170 197
477 852
698 973
936 413
836 364
742 911
800 487
246 158
178 750
609 785
271 81
865 329
327 584
789 743
358 1
956 947
635 456
665 40
876 55
820 874
455 930
82 958
654 958
23 651
90 566
360 594
694 506
841 464
90 1000
463 477
102 382
28 810
60 419
991 929
214 635
246 837
409 690
105 687
917 866
815 214
170 503
183 99
112 926
360 748
820 768
300 496
555 48
729 752
948 719

21 51 152
601 127 0
805 720 10
70 937 8
909 478 1
458 893 1
839 464 18
31 917 0
103 489 9
375 575 15
917 296 1
72 12 1
855 968 17
664 957 1
12 705 9
439 328 12
966 20 10
603 65 17
719 648 10
648 84 0
384 829 10
811 885 2
184 317
963 959
306 636
384 675
426 139
889 267
74 648
439 569
717 573
590 88
446 798
330 378
507 613
525 257
417 809
409 409
575 960
1 12
212 624
789 708
46 308
592 866
326 894
80 199
139 552
571 546
883 856
823 200
438 151
544 420
237 229
744 603
916 177
595 586
938 880
141 584
609 138
394 78
982 770
70 703
24 161
204 280
94 574
523 810
207 191
152 327
398 605
947 582
342 660
749 982
892 129

5 7 20
601 127 0
805 720 10
70 937 8
909 478 1
458 893 1
726 94
562 723
703 635
638 242
431 316
274 753
879 29

1 1 0
601 127 0
425 252

5 7 20
601 127 0
805 720 10
70 937 8
909 478 1
458 893 1
371 654
547 710
143 69
821 96
855 314
867 841
643 646

29 78 233
601 127 0
805 720 10
70 937 8
909 478 1
458 893 1
839 464 18
31 917 0
103 489 9
375 575 15
917 296 1
72 12 1
855 968 17
664 957 1
12 705 9
439 328 12
966 20 10
603 65 17
719 648 10
648 84 0
384 829 10
811 885 2
849 23 17
779 364 11
584 80 8
396 292 10
271 685 16
124 27 4
159 911 5
46 256 10
965 166
439 842
631 940
415 665
538 490
627 858
679 235
587 709
627 846
555 247
362 682
657 659
255 988
829 240
638 795
876 951
172 197
531 379
894 74
881 822
617 809
877 843
183 955
775 582
678 29
156 266
999 527
983 283
576 966
311 817
58 890
602 546
89 815
682 712
779 478
282 865
639 332
221 208
164 399
167 780
924 552
824 463
407 356
879 296
539 435
914 277
522 155
703 230
757 654
331 527
611 423
736 746
444 605
483 969
251 529
588 159
908 202
475 91
384 121
715 584
195 153
40 704
595 980
38 529
23 987
258 370
528 722
142 66
111 868
621 7
763 626
278 28
137 874
611 407
718 819
954 513
845 158
797 760

21 51 152
601 127 0
805 720 10
70 937 8
909 478 1
458 893 1
839 464 18
31 917 0
103 489 9
375 575 15
917 296 1
72 12 1
855 968 17
664 957 1
12 705 9
439 328 12
966 20 10
603 65 17
719 648 10
648 84 0
384 829 10
811 885 2
535 880
806 785
283 746
866 280
65 997
255 613
279 309
541 362
767 307
545 821
663 586
22 825
284 394
146 295
197 233
891 152
705 36
156 105
705 556
947 266
685 242
92 984
658 365
480 802
581 859
957 101
407 266
761 612
895 733
989 441
655 769
236 417
34 874
341 360
186 483
614 252
344 766
122 927
987 953
942 642
527 705
995 596
836 578
464 365
624 385
301 293
375 841
99 545
741 609
715 732
69 154

34 94 279
601 127 0
805 720 10
70 937 8
909 478 1
458 893 1
839 464 18
31 917 0
103 489 9
375 575 15
917 296 1
72 12 1
855 968 17
664 957 1
12 705 9
439 328 12
966 20 10
603 65 17
719 648 10
648 84 0
384 829 10
811 885 2
849 23 17
779 364 11
584 80 8
396 292 10
271 685 16
124 27 4
159 911 5
46 256 10
756 67 1
531 824 6
139 927 20
924 510 8
770 124 11
499 699
48 165
629 978
333 172
599 853
922 890
870 76
46 347
376 835
535 102
681 984
868 679
358 679
878 760
632 14
211 779
612 845
731 146
766 40
419 468
974 399
999 624
946 572
95 381
552 27
740 209
467 379
58 15
405 150
599 332
76 579
487 688
287 68
442 345
880 180
331 6
900 921
45 350
814 664
940 323
44 479
962 992
315 408
887 524
422 495
174 763
573 538
583 893
109 629
197 988
358 658
387 56
668 380
902 197
848 796
356 122
73 965
708 943
332 96
256 509
604 419
730 332
573 858
9 321
345 213
905 475
252 87
163 400
157 806
833 525
254 609
703 74
655 580
995 219
474 988
707 97
258 273
950 756
613 562
872 787
127 169
362 823
349 28
316 926
766 446
386 905
363 33
16 366
336 50
185 576
767 230
990 694
914 633
130 552

35 94 279
601 127 0
805 720 10
70 937 8
909 478 1
458 893 1
839 464 18
31 917 0
103 489 9
375 575 15
917 296 1
72 12 1
855 968 17
664 957 1
12 705 9
439 328 12
966 20 10
603 65 17
719 648 10
648 84 0
384 829 10
811 885 2
849 23 17
779 364 11
584 80 8
396 292 10
271 685 16
124 27 4
159 911 5
46 256 10
756 67 1
531 824 6
139 927 20
924 510 8
770 124 11
642 407 0
48 732
240 648
23 311
6 246
419 156
0 404
476 540
407 298
6 500
839 6
846 64
43 36
693 520
946 543
517 234
318 682
885 398
494 691
556 989
425 2
124 158
505 522
991 925
44 804
832 936
137 130
410 607
502 340
238 614
540 541
954 444
906 958
990 16
485 890
395 538
427 500
101 143
234 781
460 572
501 389
369 37
776 996
949 877
774 483
981 114
270 427
873 91
584 788
59 757
696 2
814 488
870 983
682 130
656 56
729 724
678 910
614 264
786 687
427 887
874 190
171 872
538 662
346 881
254 151
618 742
808 913
317 34
246 430
225 19
435 766
232 848
861 455
363 953
302 554
857 706
120 409
47 736
129 950
102 510
463 373
575 519
314 150
716 129
229 996
667 704
866 300
773 869
498 366
156 992
440 401
578 853
655 268
275 859
135 85

21 51 152
601 127 0
805 720 10
70 937 8
909 478 1
458 893 1
839 464 18
31 917 0
103 489 9
375 575 15
917 296 1
72 12 1
855 968 17
664 957 1
12 705 9
439 328 12
966 20 10
603 65 17
719 648 10
648 84 0
384 829 10
811 885 2
321 936
1000 277
499 871
955 505
821 528
964 483
223 280
736 48
925 726
89 465
381 503
334 35
126 690
995 30
206 595
333 604
165 30
470 205
242 403
424 853
281 366
222 620
978 152
367 960
603 207
536 745
709 463
782 625
504 862
914 974
86 418
319 808
707 816
792 997
337 373
440 330
353 171
43 703
323 713
364 903
651 511
856 982
15 600
721 406
53 529
314 475
994 273
880 495
132 873
859 977
568 701

17 44 130
601 127 0
805 720 10
70 937 8
909 478 1
458 893 1
839 464 18
31 917 0
103 489 9
375 575 15
917 296 1
72 12 1
855 968 17
664 957 1
12 705 9
439 328 12
966 20 10
603 65 17
839 624
146 840
714 524
564 949
766 831
537 861
21 824
798 375
704 337
480 187
697 64
330 538
900 721
781 693
172 597
574 825
631 330
722 160
897 954
758 864
608 13
971 13
872 397
100 909
456 882
244 614
386 91
716 626
849 418
397 237
837 753
315 126
333 943
176 992
786 522
963 873
152 373
702 677
284 194
105 932
699 378
94 228
455 983
240 510

27 73 218
601 127 0
805 720 10
70 937 8
909 478 1
458 893 1
839 464 18
31 917 0
103 489 9
375 575 15
917 296 1
72 12 1
855 968 17
664 957 1
12 705 9
439 328 12
966 20 10
603 65 17
719 648 10
648 84 0
384 829 10
811 885 2
849 23 17
779 364 11
584 80 8
396 292 10
271 685 16
124 27 4
834 702
729 560
213 80
701 434
101 536
314 362
519 488
150 312
363 622
916 992
394 482
422 814
290 304
961 465
425 672
720 595
357 400
470 987
834 849
91 430
21 896
673 530
213 342
808 10
210 159
244 587
361 6
475 59
508 803
514 854
36 580
585 469
836 279
664 258
222 932
714 704
114 187
430 648
5 681
526 859
122 203
937 706
199 114
162 434
860 567
725 813
639 905
644 869
59 823
31 721
88 903
946 793
587 551
580 286
867 976
558 985
624 801
748 986
558 765
713 308
887 330
683 312
971 531
685 269
403 569
222 679
269 878
446 537
110 584
287 411
392 86
581 886
217 309

23 61 180
601 127 0
805 720 10
70 937 8
909 478 1
458 893 1
839 464 18
31 917 0
103 489 9
375 575 15
917 296 1
72 12 1
855 968 17
664 957 1
12 705 9
439 328 12
966 20 10
603 65 17
719 648 10
648 84 0
384 829 10
811 885 2
849 23 17
779 364 11
34 973
827 15
294 686
999 458
333 837
279 527
850 404
801 970
604 497
610 350
143 897
304 933
396 888
789 915
716 380
428 336
44 732
596 64
605 160
477 832
217 285
260 684
315 741
319 876
542 270
34 134
328 790
335 164
850 608
140 698
76 449
300 517
834 986
9 92
638 328
242 723
577 367
741 11
894 820
271 577
283 248
771 766
721 54
14 522
974 301
856 748
959 449
93 107
898 117
69 952
72 472
831 697
277 809
328 489
798 474
104 562
113 644
226 198
58 517
833 42
976 535

3 7 18
601 127 0
805 720 10
70 937 8
634 108
584 129
949 842
168 158
111 249
708 808
740 36

30 79 234
601 127 0
805 720 10
70 937 8
909 478 1
458 893 1
839 464 18
31 917 0
103 489 9
375 575 15
917 296 1
72 12 1
855 968 17
664 957 1
12 705 9
439 328 12
966 20 10
603 65 17
719 648 10
648 84 0
384 829 10
811 885 2
849 23 17
779 364 11
584 80 8
396 292 10
271 685 16
124 27 4
159 911 5
46 256 10
756 67 1
990 783
405 413
67 313
522 434
112 320
301 264
57 737
564 497
667 494
215 880
824 639
499 717
52 227
808 376
235 155
281 656
838 906
731 504
518 488
134 676
83 921
132 576
340 312
576 9
816 177
867 882
225 79
570 656
113 1
251 171
927 983
71 157
623 280
398 87
618 763
78 103
339 958
484 461
58 458
684 999
975 345
848 865
145 633
791 456
961 389
186 143
826 391
721 539
936 872
738 196
652 73
637 117
944 984
315 713
340 822
257 716
173 28
252 574
532 542
577 509
843 802
132 436
148 371
472 133
222 180
542 932
47 270
322 336
865 984
337 192
146 268
50 965
144 201
471 29
496 154
443 214
601 277
532 712
387 982

9 21 62
601 127 0
805 720 10
70 937 8
909 478 1
458 893 1
839 464 18
31 917 0
103 489 9
375 575 15
294 922
544 957
401 249
146 176
766 179
958 126
499 394
561 325
487 509
696 28
846 684
747 391
711 823
208 89
496 444
134 494
549 302
646 573
407 253
948 863
844 111

4 7 19
601 127 0
805 720 10
70 937 8
909 478 1
536 860
887 923
527 79
929 815
179 143
960 356
154 607

38 102 305
601 127 0
805 720 10
70 937 8
909 478 1
458 893 1
839 464 18
31 917 0
103 489 9
375 575 15
917 296 1
72 12 1
855 968 17
664 957 1
12 705 9
439 328 12
966 20 10
603 65 17
719 648 10
648 84 0
384 829 10
811 885 2
849 23 17
779 364 11
584 80 8
396 292 10
271 685 16
124 27 4
159 911 5
46 256 10
756 67 1
531 824 6
139 927 20
924 510 8
770 124 11
642 407 0
464 420 10
940 362 9
157 946 7
658 803
710 204
219 504
31 309
424 389
773 751
977 400
791 814
323 823
817 141
532 727
468 124
235 338
345 816
619 470
876 828
148 363
545 480
285 188
203 244
857 190
343 612
312 404
91 423
866 412
554 396
598 990
415 704
83 832
590 284
95 642
571 80
202 505
139 370
825 807
272 835
697 561
594 462
734 19
202 766
825 442
176 80
662 36
789 820
716 487
559 36
46 841
241 606
805 315
786 195
653 295
343 931
199 598
249 72
235 896
260 847
347 684
833 494
361 738
808 311
62 308
740 128
568 539
702 918
284 719
961 171
179 415
938 945
866 695
982 672
212 351
859 361
378 103
837 963
197 159
890 648
371 256
949 645
424 979
159 439
474 776
900 857
152 141
792 428
283 549
471 625
467 877
954 980
257 709
832 126
634 513
402 703
675 628
494 970
592 971
192 299
691 821
550 448
432 747
673 659
875 481
700 249

4 7 19
601 127 0
805 720 10
70 937 8
909 478 1
639 368
976 857
825 924
507 361
964 99
776 312
927 386

32 87 260
601 127 0
805 720 10
70 937 8
909 478 1
458 893 1
839 464 18
31 917 0
103 489 9
375 575 15
917 296 1
72 12 1
855 968 17
664 957 1
12 705 9
439 328 12
966 20 10
603 65 17
719 648 10
648 84 0
384 829 10
811 885 2
849 23 17
779 364 11
584 80 8
396 292 10
271 685 16
124 27 4
159 911 5
46 256 10
756 67 1
531 824 6
139 927 20
607 106
999 593
768 189
408 89
988 114
360 39
418 293
517 78
911 334
701 882
243 289
91 392
57 277
649 59
324 521
728 39
480 160
19 712
362 589
342 252
653 841
239 607
570 656
757 267
727 743
245 420
182 128
980 399
847 736
193 663
428 497
130 735
623 568
852 936
339 455
633 83
489 651
748 309
409 817
970 67
983 869
396 894
279 722
178 189
606 916
341 898
916 393
595 103
234 304
573 828
196 588
398 621
810 827
663 434
95 516
518 571
432 742
288 96
193 673
36 2
531 453
451 13
910 976
697 895
412 122
696 815
928 400
448 0
70 111
202 978
478 754
776 907
697 34
292 199
171 9
232 461
493 899
305 567
297 818
888 744
724 974
767 848
540 318
88 991
943 223
59 93
132 918

36 97 289
601 127 0
805 720 10
70 937 8
909 478 1
458 893 1
839 464 18
31 917 0
103 489 9
375 575 15
917 296 1
72 12 1
855 968 17
664 957 1
12 705 9
439 328 12
966 20 10
603 65 17
719 648 10
648 84 0
384 829 10
811 885 2
849 23 17
779 364 11
584 80 8
396 292 10
271 685 16
124 27 4
159 911 5
46 256 10
756 67 1
531 824 6
139 927 20
924 510 8
770 124 11
642 407 0
464 420 10
130 289
604 543
534 591
84 267
905 993
159 835
437 987
522 185
820 847
967 706
811 133
510 193
36 357
585 652
714 495
847 850
469 553
106 714
566 112
378 724
876 322
692 558
575 428
808 970
265 445
483 110
982 98
259 867
159 149
621 281
605 449
47 540
661 178
526 895
742 870
732 980
999 133
289 419
386 400
968 309
993 253
430 495
780 648
208 157
597 111
172 860
111 613
503 840
196 667
638 674
368 899
910 44
788 609
922 298
774 81
646 927
857 453
366 779
732 543
210 630
951 87
100 82
28 391
474 340
67 999
676 967
451 234
277 153
805 959
717 584
103 450
160 95
338 169
932 345
140 173
211 541
366 641
894 150
921 446
51 289
463 214
614 455
423 535
953 317
828 1000
163 582
116 290
828 490
846 581
283 739
947 848
538 487
504 989
822 526
488 878
288 739
646 768

3 7 18
601 127 0
805 720 10
70 937 8
289 790
531 570
77 767
610 69
996 332
405 471
317 816

2 4 10
601 127 0
805 720 10
517 702
752 257
369 260
141 65

22 57 169
601 127 0
805 720 10
70 937 8
909 478 1
458 893 1
839 464 18
31 917 0
103 489 9
375 575 15
917 296 1
72 12 1
855 968 17
664 957 1
12 705 9
439 328 12
966 20 10
603 65 17
719 648 10
648 84 0
384 829 10
811 885 2
849 23 17
101 95
943 774
11 63
761 321
507 502
832 942
484 707
103 488
975 731
312 121
994 405
832 533
943 820
732 422
957 888
305 186
932 776
942 251
666 915
930 442
739 301
589 882
883 209
735 859
342 836
646 122
410 896
65 228
848 455
631 601
711 621
724 195
814 142
548 631
17 6
185 764
610 859
490 554
173 629
696 297
49 153
708 955
426 252
497 382
367 728
423 797
947 776
190 979
822 651
86 635
106 616
295 810
470 588
265 428
779 396
752 433
635 513

24 63 188
601 127 0
805 720 10
70 937 8
909 478 1
458 893 1
839 464 18
31 917 0
103 489 9
375 575 15
917 296 1
72 12 1
855 968 17
664 957 1
12 705 9
439 328 12
966 20 10
603 65 17
719 648 10
648 84 0
384 829 10
811 885 2
849 23 17
779 364 11
584 80 8
353 689
644 546
497 248
230 737
18 817
194 391
711 98
992 884
326 240
552 285
954 296
861 697
877 658
614 474
183 650
180 327
307 76
319 807
435 497
32 293
877 397
237 367
818 122
595 756
278 545
969 351
509 853
739 243
248 228
472 313
21 525
865 804
876 150
488 312
522 708
326 504
486 672
689 249
676 667
783 54
479 568
52 335
618 416
304 240
91 621
694 257
329 451
100 930
847 583
577 614
549 224
294 650
754 645
415 74
566 801
267 862
167 279
783 485
28 317
783 341
209 913
539 253
16 147

21 51 152
601 127 0
805 720 10
70 937 8
909 478 1
458 893 1
839 464 18
31 917 0
103 489 9
375 575 15
917 296 1
72 12 1
855 968 17
664 957 1
12 705 9
439 328 12
966 20 10
603 65 17
719 648 10
648 84 0
384 829 10
811 885 2
811 531
600 950
256 452
470 177
53 708
558 536
530 12
985 961
920 832
977 982
325 257
48 592
464 592
85 401
240 665
45 160
600 877
31 629
58 600
778 712
43 92
977 989
198 505
424 820
518 836
865 689
33 371
923 618
73 936
232 392
471 173
520 18
867 662
661 960
78 665
444 415
226 936
645 527
337 416
228 881
498 311
72 213
321 742
504 110
614 8
113 748
822 578
288 950
81 187
613 501
736 99

5 7 20
601 127 0
805 720 10
70 937 8
909 478 1
458 893 1
488 123
533 855
701 12
202 478
605 422
547 901
634 984

24 63 188
601 127 0
805 720 10
70 937 8
909 478 1
458 893 1
839 464 18
31 917 0
103 489 9
375 575 15
917 296 1
72 12 1
855 968 17
664 957 1
12 705 9
439 328 12
966 20 10
603 65 17
719 648 10
648 84 0
384 829 10
811 885 2
849 23 17
779 364 11
584 80 8
681 180
201 128
556 725
360 74
261 661
463 528
242 262
86 15
639 969
608 952
578 313
239 1000
619 500
47 850
687 738
988 634
679 676
792 904
53 879
377 454
282 870
520 244
95 855
34 974
37 578
867 798
911 929
13 81
905 157
172 344
256 527
526 74
875 852
149 570
984 684
583 566
623 326
384 761
488 415
229 572
264 195
246 601
565 826
190 586
86 321
701 95
882 883
772 678
207 891
216 267
434 315
182 760
414 626
251 727
82 891
185 921
511 969
990 838
35 653
65 213
205 741
72 991
465 530

6 13 38
601 127 0
805 720 10
70 937 8
909 478 1
458 893 1
839 464 18
778 778
93 373
819 898
719 512
438 479
70 182
846 884
467 642
629 983
97 72
844 890
146 648
495 394

34 94 279
601 127 0
805 720 10
70 937 8
909 478 1
458 893 1
839 464 18
31 917 0
103 489 9
375 575 15
917 296 1
72 12 1
855 968 17
664 957 1
12 705 9
439 328 12
966 20 10
603 65 17
719 648 10
648 84 0
384 829 10
811 885 2
849 23 17
779 364 11
584 80 8
396 292 10
271 685 16
124 27 4
159 911 5
46 256 10
756 67 1
531 824 6
139 927 20
924 510 8
770 124 11
556 956
721 668
342 178
594 764
598 564
690 885
69 459
306 870
656 167
742 476
499 477
262 341
370 44
633 960
811 331
5 743
767 599
442 558
651 628
47 394
295 820
808 731
971 904
722 938
794 671
490 555
938 450
990 522
520 310
365 819
646 560
227 461
385 489
367 421
641 981
93 369
179 243
557 910
735 589
725 252
225 910
121 236
237 452
669 620
251 136
6 572
265 188
157 846
224 486
798 751
724 723
55 200
420 320
764 546
561 665
823 274
316 588
284 876
93 107
198 431
932 808
673 69
564 371
993 978
376 758
394 320
864 281
580 876
84 157
453 140
258 795
291 810
111 773
990 438
952 66
106 49
554 271
95 41
16 269
688 72
79 221
804 58
803 783
663 228
755 61
48 95
642 309
368 127
913 253
227 446
243 564
842 382
662 510
565 859

18 47 140
601 127 0
805 720 10
70 937 8
909 478 1
458 893 1
839 464 18
31 917 0
103 489 9
375 575 15
917 296 1
72 12 1
855 968 17
664 957 1
12 705 9
439 328 12
966 20 10
603 65 17
719 648 10
418 559
857 993
698 530
694 105
464 139
116 674
736 533
387 819
530 721
928 766
248 539
129 284
618 28
274 827
477 737
767 844
20 645
277 326
449 15
402 413
313 147
110 249
32 690
649 75
60 62
441 673
908 619
610 746
183 958
122 227
897 633
420 801
895 303
710 307
857 648
394 290
189 209
973 562
205 780
402 44
446 245
140 936
592 573
969 673
997 879
416 688
743 668

4 7 19
601 127 0
805 720 10
70 937 8
909 478 1
170 896
621 954
626 571
370 681
211 434
203 896
962 597

33 90 268
601 127 0
805 720 10
70 937 8
909 478 1
458 893 1
839 464 18
31 917 0
103 489 9
375 575 15
917 296 1
72 12 1
855 968 17
664 957 1
12 705 9
439 328 12
966 20 10
603 65 17
719 648 10
648 84 0
384 829 10
811 885 2
849 23 17
779 364 11
584 80 8
396 292 10
271 685 16
124 27 4
159 911 5
46 256 10
756 67 1
531 824 6
139 927 20
924 510 8
439 580
378 202
245 93
955 822
129 569
700 9
715 212
421 9
971 433
390 215
942 559
817 121
120 855
177 431
532 892
731 233
649 316
41 296
49 892
530 345
944 848
389 396
61 50
433 25
953 819
425 994
928 463
769 488
863 633
935 110
730 405
8 440
847 443
688 687
838 610
332 818
156 497
311 49
589 631
798 765
770 879
138 404
760 100
231 233
789 130
944 362
859 180
942 812
479 958
46 606
292 876
88 731
629 63
976 387
956 889
973 119
674 867
406 229
577 354
534 679
179 79
122 301
109 678
858 856
135 236
949 751
671 285
23 51
585 924
847 612
725 920
18 570
697 491
233 101
324 942
206 841
233 918
996 899
477 217
740 509
649 775
222 598
936 42
957 505
995 448
313 979
990 228
724 402
91 70
447 347

32 87 260
601 127 0
805 720 10
70 937 8
909 478 1
458 893 1
839 464 18
31 917 0
103 489 9
375 575 15
917 296 1
72 12 1
855 968 17
664 957 1
12 705 9
439 328 12
966 20 10
603 65 17
719 648 10
648 84 0
384 829 10
811 885 2
849 23 17
779 364 11
584 80 8
396 292 10
271 685 16
124 27 4
159 911 5
46 256 10
756 67 1
531 824 6
139 927 20
499 56
463 251
116 229
28 993
437 607
507 4
685 281
597 894
134 808
14 78
540 415
560 556
195 455
185 411
709 375
689 722
410 433
469 127
795 449
514 959
810 419
266 297
41 80
415 358
667 408
81 821
949 575
534 216
903 303
782 755
636 673
20 1
819 555
590 621
206 803
474 362
67 443
355 465
201 465
264 850
165 140
602 929
907 814
878 37
538 85
665 141
651 738
469 306
75 154
650 115
286 985
870 205
966 102
437 282
58 149
871 585
862 680
0 235
748 230
448 612
996 764
255 277
611 886
389 994
885 195
577 645
499 431
438 647
720 81
926 168
708 847
741 612
397 539
209 758
553 508
325 755
409 509
602 64
901 867
81 723
756 946
764 196
93 342
194 420
919 389
503 846
760 805

40 110 329
601 127 0
805 720 10
70 937 8
909 478 1
458 893 1
839 464 18
31 917 0
103 489 9
375 575 15
917 296 1
72 12 1
855 968 17
664 957 1
12 705 9
439 328 12
966 20 10
603 65 17
719 648 10
648 84 0
384 829 10
811 885 2
849 23 17
779 364 11
584 80 8
396 292 10
271 685 16
124 27 4
159 911 5
46 256 10
756 67 1
531 824 6
139 927 20
924 510 8
770 124 11
642 407 0
464 420 10
940 362 9
157 946 7
926 993 12
48 635 12
438 79
219 226
683 405
337 514
719 609
256 302
670 767
123 728
358 561
753 821
442 384
837 128
507 255
935 36
502 798
700 572
21 132
572 834
710 252
666 301
659 780
82 710
677 381
822 561
426 161
50 120
629 334
530 547
98 754
866 47
649 575
690 223
456 50
271 137
267 608
502 383
227 406
764 317
921 290
24 306
741 807
310 460
96 396
849 80
221 825
226 853
746 659
158 886
937 483
267 959
387 882
122 776
327 40
994 845
278 235
943 610
102 809
921 730
248 810
949 483
34 85
691 59
602 290
349 905
245 310
160 971
380 240
337 749
576 447
807 97
654 239
742 63
13 63
110 965
752 754
319 727
739 231
354 126
734 738
779 103
416 51
876 566
777 300
17 726
482 483
416 764
431 987
286 774
508 238
395 476
629 158
777 759
618 384
445 376
493 698
558 395
272 810
415 238
517 754
160 643
186 28
557 246
321 822
936 166
406 457
555 65
625 571
112 915
855 98
360 681

12 28 81
601 127 0
805 720 10
70 937 8
909 478 1
458 893 1
839 464 18
31 917 0
103 489 9
375 575 15
917 296 1
72 12 1
855 968 17
95 637
812 70
265 868
510 391
616 479
251 613
233 877
686 293
189 384
750 2
974 336
786 702
131 574
718 334
959 889
499 956
74 887
455 335
647 863
577 553
624 767
110 134
214 54
214 712
849 482
931 1
88 161
830 879

31 81 240
601 127 0
805 720 10
70 937 8
909 478 1
458 893 1
839 464 18
31 917 0
103 489 9
375 575 15
917 296 1
72 12 1
855 968 17
664 957 1
12 705 9
439 328 12
966 20 10
603 65 17
719 648 10
648 84 0
384 829 10
811 885 2
849 23 17
779 364 11
584 80 8
396 292 10
271 685 16
124 27 4
159 911 5
46 256 10
756 67 1
531 824 6
369 340
509 293
200 70
864 938
680 773
235 934
220 933
551 32
725 689
242 574
144 177
560 35
926 528
550 207
135 822
904 919
309 384
30 542
850 479
907 250
619 486
336 601
853 989
591 249
98 759
220 979
295 198
63 267
546 348
655 776
538 724
229 24
152 795
87 527
439 454
958 310
409 783
867 154
1 247
943 733
156 321
544 984
767 773
516 197
423 750
711 21
108 861
971 524
467 390
251 224
286 553
141 693
721 388
53 441
431 371
235 235
58 525
972 974
675 948
362 262
88 574
823 792
820 422
746 969
94 878
819 667
999 644
926 743
693 961
427 633
443 639
321 76
893 145
245 233
720 797
162 258
877 383
807 934
657 478
508 57
807 299

35 94 279
601 127 0
805 720 10
70 937 8
909 478 1
458 893 1
839 464 18
31 917 0
103 489 9
375 575 15
917 296 1
72 12 1
855 968 17
664 957 1
12 705 9
439 328 12
966 20 10
603 65 17
719 648 10
648 84 0
384 829 10
811 885 2
849 23 17
779 364 11
584 80 8
396 292 10
271 685 16
124 27 4
159 911 5
46 256 10
756 67 1
531 824 6
139 927 20
924 510 8
770 124 11
642 407 0
79 762
970 664
717 855
933 704
506 472
829 680
986 129
457 514
457 912
761 447
586 151
789 175
236 9
788 8
290 860
257 553
845 88
645 372
367 721
129 668
606 71
4 139
431 147
232 720
947 360
440 965
697 450
83 677
609 465
408 31
874 615
484 577
385 886
738 565
794 725
102 285
548 395
715 762
264 889
47 747
941 976
770 238
868 531
838 415
668 56
186 897
319 441
306 84
142 101
519 565
289 426
818 692
968 408
449 622
488 162
188 549
648 126
317 624
748 745
834 250
115 157
294 972
995 919
797 268
329 418
192 182
718 462
424 792
618 623
724 14
391 952
710 379
171 75
837 892
456 15
115 325
376 686
259 813
985 997
133 260
452 165
20 446
363 274
10 676
433 837
344 384
824 84
911 283
587 123
556 231
562 20
75 364
976 222
685 894

29 78 233
601 127 0
805 720 10
70 937 8
909 478 1
458 893 1
839 464 18
31 917 0
103 489 9
375 575 15
917 296 1
72 12 1
855 968 17
664 957 1
12 705 9
439 328 12
966 20 10
603 65 17
719 648 10
648 84 0
384 829 10
811 885 2
849 23 17
779 364 11
584 80 8
396 292 10
271 685 16
124 27 4
159 911 5
46 256 10
109 363
271 352
25 312
112 193
823 688
572 678
281 820
116 109
337 275
907 162
860 331
176 63
904 48
623 465
847 965
686 548
826 848
698 136
906 126
190 502
812 240
768 726
906 281
317 576
944 342
274 845
806 168
594 175
237 843
350 999
212 184
753 608
894 432
907 843
20 515
700 98
447 124
754 480
632 159
231 919
411 628
60 636
701 922
326 715
546 346
764 541
72 789
164 41
414 335
379 684
361 502
237 875
882 269
461 383
481 682
577 407
254 333
519 162
285 795
348 627
506 740
435 621
54 609
4 845
780 979
22 92
821 258
811 225
492 236
974 220
301 83
657 789
713 808
573 558
859 414
20 313
330 497
563 87

1 1 0
601 127 0
17 649

9 21 62
601 127 0
805 720 10
70 937 8
909 478 1
458 893 1
839 464 18
31 917 0
103 489 9
375 575 15
193 546
14 846
208 244
165 46
431 200
115 705
863 967
634 767
59 934
394 118
451 68
888 991
386 262
270 794
384 575
865 543
777 168
269 503
115 846
243 349
358 678

25 67 198
601 127 0
805 720 10
70 937 8
909 478 1
458 893 1
839 464 18
31 917 0
103 489 9
375 575 15
917 296 1
72 12 1
855 968 17
664 957 1
12 705 9
439 328 12
966 20 10
603 65 17
719 648 10
648 84 0
384 829 10
811 885 2
849 23 17
779 364 11
584 80 8
396 292 10
573 901
991 188
536 389
552 201
809 792
180 68
794 915
199 468
170 408
190 31
446 646
959 557
421 198
162 979
208 931
688 608
507 597
762 322
540 968
68 365
806 725
131 678
857 719
464 510
285 490
828 51
407 66
833 322
803 299
120 373
936 151
243 895
909 909
847 283
805 872
448 883
305 274
467 625
408 604
666 600
287 743
387 10
841 175
698 29
995 515
28 144
550 484
974 285
649 962
550 729
167 813
927 595
469 913
804 370
500 365
648 559
181 349
510 23
504 963
870 797
559 29
926 604
450 498
45 820
653 46
439 917
954 264

32 87 260
601 127 0
805 720 10
70 937 8
909 478 1
458 893 1
839 464 18
31 917 0
103 489 9
375 575 15
917 296 1
72 12 1
855 968 17
664 957 1
12 705 9
439 328 12
966 20 10
603 65 17
719 648 10
648 84 0
384 829 10
811 885 2
849 23 17
779 364 11
584 80 8
396 292 10
271 685 16
124 27 4
159 911 5
46 256 10
756 67 1
531 824 6
139 927 20
644 795
813 777
226 862
772 430
671 393
103 817
937 447
109 874
417 71
489 280
29 833
524 349
422 999
361 934
907 764
895 357
676 675
805 283
593 800
117 40
764 378
154 84
477 425
743 292
592 49
446 215
66 577
363 590
382 164
668 561
708 18
177 981
770 4
850 656
891 20
889 598
528 185
106 707
654 509
517 850
25 988
332 743
175 965
387 942
564 52
816 890
87 433
492 917
917 191
310 72
135 578
251 614
202 141
360 873
468 969
124 572
505 945
327 678
462 578
815 878
63 113
217 497
621 239
546 731
892 184
903 299
383 780
607 576
905 245
984 414
904 683
962 889
73 702
733 181
258 857
212 884
253 258
292 470
507 517
700 244
548 400
663 298
355 685
93 200
925 296
892 343
687 968

4 7 19
601 127 0
805 720 10
70 937 8
909 478 1
696 656
447 976
76 772
349 860
534 585
150 382
710 996

28 75 223
601 127 0
805 720 10
70 937 8
909 478 1
458 893 1
839 464 18
31 917 0
103 489 9
375 575 15
917 296 1
72 12 1
855 968 17
664 957 1
12 705 9
439 328 12
966 20 10
603 65 17
719 648 10
648 84 0
384 829 10
811 885 2
849 23 17
779 364 11
584 80 8
396 292 10
271 685 16
124 27 4
159 911 5
54 740
486 509
676 916
524 813
708 546
415 313
256 92
906 624
959 60
885 833
701 871
989 827
901 902
61 455
683 7
116 739
736 800
80 217
858 772
762 236
707 275
464 872
116 694
578 254
33 502
360 288
388 335
430 498
443 918
464 616
460 885
582 299
590 774
510 563
589 262
820 922
891 666
701 929
404 463
894 611
280 259
596 810
946 456
0 446
390 59
190 661
808 166
28 145
240 474
112 250
19 268
239 578
767 998
319 641
890 547
301 812
955 545
922 745
648 583
176 624
508 145
824 741
303 102
665 907
344 179
473 919
182 53
340 608
147 565
344 211
334 222
208 948
165 917
366 553
371 361

1 1 0
601 127 0
564 304

36 97 289
601 127 0
805 720 10
70 937 8
909 478 1
458 893 1
839 464 18
31 917 0
103 489 9
375 575 15
917 296 1
72 12 1
855 968 17
664 957 1
12 705 9
439 328 12
966 20 10
603 65 17
719 648 10
648 84 0
384 829 10
811 885 2
849 23 17
779 364 11
584 80 8
396 292 10
271 685 16
124 27 4
159 911 5
46 256 10
756 67 1
531 824 6
139 927 20
924 510 8
770 124 11
642 407 0
464 420 10
845 133
430 719
490 358
3 891
629 830
168 321
973 845
221 719
742 946
318 170
906 101
61 327
713 721
154 107
790 950
94 53
828 47
481 486
414 831
360 582
640 47
735 91
596 88
963 213
538 601
375 32
544 162
371 743
938 562
210 464
3 656
807 389
771 711
49 955
270 131
819 555
32 176
333 670
276 114
191 90
743 603
154 469
248 414
520 823
852 772
73 9
782 913
116 25
281 62
978 617
465 785
528 617
723 663
171 567
700 645
961 132
893 178
98 82
643 776
949 967
466 34
223 816
186 108
27 474
71 65
919 237
508 254
711 194
774 827
714 248
497 795
839 682
698 696
278 302
78 404
198 741
670 768
990 7
510 931
165 113
591 301
848 958
865 907
828 128
121 964
139 223
127 234
656 781
163 3
917 880
790 211
918 906
765 727
357 918
463 91
349 922
322 714

33 90 268
601 127 0
805 720 10
70 937 8
909 478 1
458 893 1
839 464 18
31 917 0
103 489 9
375 575 15
917 296 1
72 12 1
855 968 17
664 957 1
12 705 9
439 328 12
966 20 10
603 65 17
719 648 10
648 84 0
384 829 10
811 885 2
849 23 17
779 364 11
584 80 8
396 292 10
271 685 16
124 27 4
159 911 5
46 256 10
756 67 1
531 824 6
139 927 20
924 510 8
391 702
725 193
857 420
756 939
624 685
463 664
936 872
441 224
396 810
702 456
895 698
906 672
239 757
881 10
605 539
110 569
252 201
647 120
555 43
28 335
40 94
142 223
113 680
468 597
894 568
946 115
416 844
874 797
292 651
295 608
722 491
44 766
214 884
719 405
703 206
42 517
213 975
69 545
727 939
805 610
159 615
855 423
483 307
152 118
461 834
997 612
35 550
982 676
539 307
352 668
786 744
571 819
727 791
547 427
176 253
658 100
639 461
578 257
951 20
30 979
727 793
157 223
983 598
163 736
307 94
171 289
895 88
964 128
905 450
444 92
531 94
817 742
746 557
716 296
773 599
810 587
949 994
457 848
574 629
240 569
800 247
179 474
493 922
439 159
103 724
286 220
201 966
880 453
32 66
513 257

40 110 329
601 127 0
805 720 10
70 937 8
909 478 1
458 893 1
839 464 18
31 917 0
103 489 9
375 575 15
917 296 1
72 12 1
855 968 17
664 957 1
12 705 9
439 328 12
966 20 10
603 65 17
719 648 10
648 84 0
384 829 10
811 885 2
849 23 17
779 364 11
584 80 8
396 292 10
271 685 16
124 27 4
159 911 5
46 256 10
756 67 1
531 824 6
139 927 20
924 510 8
770 124 11
642 407 0
464 420 10
940 362 9
157 946 7
926 993 12
48 635 12
274 438
98 282
691 95
965 102
685 112
905 735
565 523
379 454
408 915
104 27
294 911
560 787
880 660
558 274
358 613
992 317
795 100
509 991
414 329
944 871
57 638
118 460
346 4
752 933
176 658
662 664
25 362
149 497
590 440
20 802
778 831
96 72
605 635
682 812
562 655
600 255
303 760
251 41
895 422
617 855
121 708
723 577
848 538
125 773
336 205
513 143
976 575
656 928
148 310
635 937
155 705
916 189
315 439
730 627
383 984
413 152
334 300
684 51
287 12
547 411
240 209
382 359
47 537
689 839
194 176
218 998
842 96
567 230
675 113
404 692
655 434
776 262
895 226
200 223
93 989
732 934
188 523
446 129
344 707
34 757
948 408
163 810
212 370
486 636
639 375
696 207
41 127
448 971
859 163
634 170
841 932
265 38
597 429
574 517
34 718
214 331
405 801
421 990
695 538
23 508
986 160
819 929
466 473
428 411
864 522
870 144
655 171
925 453
239 190
366 666

1 1 0
601 127 0
654 865

26 72 214
601 127 0
805 720 10
70 937 8
909 478 1
458 893 1
839 464 18
31 917 0
103 489 9
375 575 15
917 296 1
72 12 1
855 968 17
664 957 1
12 705 9
439 328 12
966 20 10
603 65 17
719 648 10
648 84 0
384 829 10
811 885 2
849 23 17
779 364 11
584 80 8
396 292 10
271 685 16
822 848
847 794
62 824
715 334
328 851
122 566
995 15
152 49
125 769
231 986
885 357
134 327
601 426
136 896
359 584
706 43
805 821
455 390
437 559
778 252
557 787
405 317
622 513
599 174
600 951
527 854
238 783
527 149
178 13
835 843
176 800
277 729
783 725
336 171
195 556
205 21
854 795
417 578
334 288
387 824
403 235
224 459
22 203
963 147
267 532
339 36
955 563
562 226
511 865
441 171
583 550
603 513
43 862
430 492
462 610
719 379
713 469
775 118
352 411
965 423
776 971
910 751
815 894
894 792
627 471
871 512
75 600
475 418
970 18
233 409
664 939
291 836

39 106 317
601 127 0
805 720 10
70 937 8
909 478 1
458 893 1
839 464 18
31 917 0
103 489 9
375 575 15
917 296 1
72 12 1
855 968 17
664 957 1
12 705 9
439 328 12
966 20 10
603 65 17
719 648 10
648 84 0
384 829 10
811 885 2
849 23 17
779 364 11
584 80 8
396 292 10
271 685 16
124 27 4
159 911 5
46 256 10
756 67 1
531 824 6
139 927 20
924 510 8
770 124 11
642 407 0
464 420 10
940 362 9
157 946 7
926 993 12
816 19
353 412
37 775
675 110
272 815
516 914
57 32
568 481
465 397
132 959
751 871
731 688
23 97
975 391
821 950
746 66
614 336
820 360
312 535
224 371
734 935
515 773
881 674
439 622
989 936
53 83
282 862
11 892
782 601
843 298
330 933
29 614
817 958
842 227
0 710
9 3
360 607
512 856
535 563
380 16
237 392
685 265
283 917
509 178
458 47
530 433
194 251
601 920
807 192
966 570
203 548
633 827
281 966
420 433
593 474
478 77
408 187
170 792
730 321
255 255
102 558
597 555
972 473
202 604
641 993
258 643
91 105
31 583
29 528
248 166
844 314
306 321
963 908
47 322
818 506
853 785
77 2
505 387
131 896
730 747
543 445
740 671
178 223
915 590
686 562
763 912
637 710
30 896
715 836
755 827
298 235
955 757
491 225
188 508
433 224
575 652
955 640
598 290
491 630
967 972
369 538
193 831
299 36
233 449
699 627
342 817

8 16 47
601 127 0
805 720 10
70 937 8
909 478 1
458 893 1
839 464 18
31 917 0
103 489 9
680 882
787 901
765 830
600 978
113 100
898 264
926 796
747 921
55 607
662 761
56 664
477 691
339 509
150 6
365 128
178 412

14 31 91
601 127 0
805 720 10
70 937 8
909 478 1
458 893 1
839 464 18
31 917 0
103 489 9
375 575 15
917 296 1
72 12 1
855 968 17
664 957 1
12 705 9
102 111
712 418
378 150
859 558
380 452
512 34
412 397
157 422
721 578
642 624
778 82
655 279
526 977
690 291
651 772
99 89
341 385
385 30
136 537
41 229
216 397
279 619
356 852
188 61
110 167
192 13
798 258
829 55
693 352
614 495
870 455

35 94 279
601 127 0
805 720 10
70 937 8
909 478 1
458 893 1
839 464 18
31 917 0
103 489 9
375 575 15
917 296 1
72 12 1
855 968 17
664 957 1
12 705 9
439 328 12
966 20 10
603 65 17
719 648 10
648 84 0
384 829 10
811 885 2
849 23 17
779 364 11
584 80 8
396 292 10
271 685 16
124 27 4
159 911 5
46 256 10
756 67 1
531 824 6
139 927 20
924 510 8
770 124 11
642 407 0
457 200
244 516
94 990
91 90
294 280
384 933
673 944
300 419
148 86
557 735
441 820
648 149
423 627
295 231
292 957
384 181
431 25
825 755
672 578
116 200
557 556
433 567
156 904
225 544
311 190
933 359
902 302
349 993
99 670
447 811
246 478
587 533
754 192
921 733
996 991
423 207
370 726
478 928
449 885
888 932
600 719
256 210
363 870
136 704
345 832
149 692
382 651
366 678
412 677
441 354
787 44
47 241
561 801
400 871
378 974
234 410
544 845
270 827
76 313
50 219
604 13
334 323
456 617
795 296
927 608
567 594
335 731
922 535
374 290
688 438
535 240
268 739
523 337
828 598
7 549
55 748
405 439
162 987
992 15
8 769
398 84
306 929
185 771
783 747
722 154
905 45
472 208
72 761
819 953
353 604
638 100
233 617
273 27
637 11

26 72 214
601 127 0
805 720 10
70 937 8
909 478 1
458 893 1
839 464 18
31 917 0
103 489 9
375 575 15
917 296 1
72 12 1
855 968 17
664 957 1
12 705 9
439 328 12
966 20 10
603 65 17
719 648 10
648 84 0
384 829 10
811 885 2
849 23 17
779 364 11
584 80 8
396 292 10
271 685 16
30 94
268 827
455 85
61 243
401 701
189 329
38 869
914 56
474 756
785 946
994 580
693 630
169 972
843 517
544 867
10 672
184 112
988 692
458 357
411 266
38 383
104 669
190 834
431 589
739 762
258 914
810 337
300 368
628 451
739 768
293 292
330 866
719 606
755 295
571 73
447 877
145 135
475 826
977 357
132 502
672 54
977 27
289 503
763 187
730 563
296 159
13 299
695 184
643 134
853 744
991 898
710 736
524 883
636 871
421 127
30 347
851 587
507 473
404 867
177 99
838 334
670 138
160 962
942 254
767 41
50 415
988 471
331 644
589 75
893 38
579 849
515 160

36 97 289
601 127 0
805 720 10
70 937 8
909 478 1
458 893 1
839 464 18
31 917 0
103 489 9
375 575 15
917 296 1
72 12 1
855 968 17
664 957 1
12 705 9
439 328 12
966 20 10
603 65 17
719 648 10
648 84 0
384 829 10
811 885 2
849 23 17
779 364 11
584 80 8
396 292 10
271 685 16
124 27 4
159 911 5
46 256 10
756 67 1
531 824 6
139 927 20
924 510 8
770 124 11
642 407 0
464 420 10
415 550
663 733
207 374
427 897
225 616
796 910
115 940
632 725
591 257
675 431
292 584
41 752
168 244
508 350
89 382
486 847
428 939
468 60
811 465
413 48
625 298
570 178
781 994
394 189
253 331
908 187
35 106
305 822
49 737
729 782
487 108
486 168
931 297
462 753
365 314
400 227
195 99
417 708
708 490
33 544
391 786
438 652
856 900
391 738
184 696
844 633
435 255
871 277
805 115
686 744
732 962
758 502
456 752
892 67
279 635
8 496
36 892
751 24
205 966
140 229
516 391
345 353
243 40
68 166
331 786
763 24
2 275
656 984
972 242
232 81
191 242
15 523
686 266
684 332
123 397
832 314
883 211
544 380
431 362
470 233
910 161
929 162
446 112
378 33
115 157
226 741
859 859
445 963
980 411
385 277
162 247
843 383
166 294
849 674
254 528
865 476
560 267

23 61 180
601 127 0
805 720 10
70 937 8
909 478 1
458 893 1
839 464 18
31 917 0
103 489 9
375 575 15
917 296 1
72 12 1
855 968 17
664 957 1
12 705 9
439 328 12
966 20 10
603 65 17
719 648 10
648 84 0
384 829 10
811 885 2
849 23 17
779 364 11
824 739
824 865
463 942
693 909
946 462
292 584
708 927
507 749
455 790
239 413
777 429
824 602
917 334
501 700
859 324
565 671
256 346
583 96
762 551
624 22
724 86
854 60
47 924
443 873
83 552
268 596
111 739
558 882
357 363
30 106
633 301
840 785
668 780
727 58
450 639
754 707
173 336
156 988
980 37
694 994
454 130
719 229
729 24
46 552
786 217
117 114
546 603
949 794
172 83
493 130
391 733
774 282
578 278
183 975
211 654
657 997
251 136
692 465
638 187
981 881
195 830

36 97 289
601 127 0
805 720 10
70 937 8
909 478 1
458 893 1
839 464 18
31 917 0
103 489 9
375 575 15
917 296 1
72 12 1
855 968 17
664 957 1
12 705 9
439 328 12
966 20 10
603 65 17
719 648 10
648 84 0
384 829 10
811 885 2
849 23 17
779 364 11
584 80 8
396 292 10
271 685 16
124 27 4
159 911 5
46 256 10
756 67 1
531 824 6
139 927 20
924 510 8
770 124 11
642 407 0
464 420 10
387 587
875 7
608 70
83 623
569 995
825 583
581 752
379 122
912 248
301 717
763 752
239 621
248 247
10 100
214 383
638 207
527 238
493 686
974 651
848 458
455 763
326 473
181 234
578 101
67 383
516 407
758 792
986 810
660 116
166 957
28 224
245 521
230 738
108 921
654 930
790 668
806 950
538 17
388 971
492 207
4 903
926 993
708 938
851 797
214 987
3 264
117 990
339 751
100 953
16 82
96 714
166 372
801 883
470 216
892 883
115 49
995 795
138 11
157 936
954 812
384 589
560 972
777 85
3 268
439 917
738 23
971 868
12 408
355 214
254 832
577 476
798 442
186 59
45 863
293 539
277 692
400 243
486 890
376 363
53 445
488 477
540 672
124 156
346 740
136 834
994 878
362 138
57 896
117 626
256 955
303 763
139 776
354 343
241 600
6 23
33 104
189 472

36 97 289
601 127 0
805 720 10
70 937 8
909 478 1
458 893 1
839 464 18
31 917 0
103 489 9
375 575 15
917 296 1
72 12 1
855 968 17
664 957 1
12 705 9
439 328 12
966 20 10
603 65 17
719 648 10
648 84 0
384 829 10
811 885 2
849 23 17
779 364 11
584 80 8
396 292 10
271 685 16
124 27 4
159 911 5
46 256 10
756 67 1
531 824 6
139 927 20
924 510 8
770 124 11
642 407 0
464 420 10
497 390
184 114
82 564
137 639
872 992
30 988
557 775
695 608
720 90
702 724
273 644
853 491
265 384
418 866
999 691
859 810
953 6
476 981
199 992
625 788
515 201
948 311
97 436
272 79
311 887
728 280
829 424
872 631
909 248
576 998
178 364
322 125
601 60
941 966
483 673
33 879
667 857
653 147
160 990
726 97
163 927
849 727
455 659
697 380
534 531
659 820
751 257
308 743
480 802
538 927
979 321
995 40
788 405
826 428
171 729
211 585
193 97
608 744
954 830
267 200
744 370
694 526
553 772
468 767
622 234
306 64
590 448
33 655
550 381
236 27
278 335
664 805
147 216
27 922
370 102
850 440
294 581
652 630
447 435
884 867
995 410
51 376
869 857
263 633
564 339
369 816
897 914
843 54
442 535
427 120
146 369
983 211
252 550
400 421
206 276
37 189
680 564

14 31 91
601 127 0
805 720 10
70 937 8
909 478 1
458 893 1
839 464 18
31 917 0
103 489 9
375 575 15
917 296 1
72 12 1
855 968 17
664 957 1
12 705 9
215 341
7 540
344 574
304 992
133 645
561 766
390 122
280 615
739 521
327 906
510 537
655 365
724 600
783 257
320 194
113 595
871 521
854 997
149 975
363 443
138 799
502 573
249 129
329 953
686 306
620 995
433 316
115 792
883 64
294 163
325 951

36 97 289
601 127 0
805 720 10
70 937 8
909 478 1
458 893 1
839 464 18
31 917 0
103 489 9
375 575 15
917 296 1
72 12 1
855 968 17
664 957 1
12 705 9
439 328 12
966 20 10
603 65 17
719 648 10
648 84 0
384 829 10
811 885 2
849 23 17
779 364 11
584 80 8
396 292 10
271 685 16
124 27 4
159 911 5
46 256 10
756 67 1
531 824 6
139 927 20
924 510 8
770 124 11
642 407 0
464 420 10
784 640
924 673
931 129
592 795
184 206
485 553
176 170
766 802
465 259
867 187
923 275
623 9
34 593
644 569
370 773
140 838
516 144
647 917
10 580
786 773
547 417
102 206
459 440
563 495
382 97
719 752
496 807
352 211
796 529
599 843
935 574
704 664
569 496
286 458
351 937
633 878
91 400
656 336
578 576
501 859
964 758
968 302
731 469
367 800
732 360
897 706
682 544
579 150
13 854
376 567
992 175
404 732
312 838
160 982
949 594
488 657
543 16
339 511
983 535
411 569
469 660
933 824
588 584
848 512
877 141
20 456
515 868
717 88
753 287
438 908
130 585
330 514
843 291
560 503
273 98
985 439
913 27
754 830
269 44
876 629
640 535
836 911
568 348
239 526
446 38
838 707
488 391
984 124
652 126
784 67
483 20
143 72
907 949
689 808
481 481
764 922
967 182

40 110 329
601 127 0
805 720 10
70 937 8
909 478 1
458 893 1
839 464 18
31 917 0
103 489 9
375 575 15
917 296 1
72 12 1
855 968 17
664 957 1
12 705 9
439 328 12
966 20 10
603 65 17
719 648 10
648 84 0
384 829 10
811 885 2
849 23 17
779 364 11
584 80 8
396 292 10
271 685 16
124 27 4
159 911 5
46 256 10
756 67 1
531 824 6
139 927 20
924 510 8
770 124 11
642 407 0
464 420 10
940 362 9
157 946 7
926 993 12
48 635 12
731 822
355 914
9 535
296 873
821 448
193 226
552 569
268 954
613 791
328 181
54 929
149 419
748 980
543 924
207 961
176 5
486 178
551 556
339 287
792 652
783 47
708 179
154 78
341 812
193 911
226 185
297 880
54 853
969 616
255 102
194 435
550 775
370 65
647 57
564 430
96 50
698 180
47 363
696 283
894 894
465 96
221 661
952 207
612 66
42 286
449 1000
969 57
580 122
643 603
624 624
204 886
840 978
827 62
243 641
832 365
861 238
397 319
574 458
680 200
737 755
61 39
581 697
610 716
694 647
467 923
288 923
265 947
426 615
573 387
5 758
315 874
38 826
333 758
932 200
105 617
511 461
509 508
671 106
123 620
641 966
855 861
190 894
133 379
533 537
932 212
710 632
837 115
760 848
425 500
79 870
113 228
369 403
804 124
906 422
203 132
288 312
597 11
738 383
910 884
312 654
703 594
701 731
697 247
795 251
72 987
670 384
81 696
477 996
772 581
328 772

22 57 169
601 127 0
805 720 10
70 937 8
909 478 1
458 893 1
839 464 18
31 917 0
103 489 9
375 575 15
917 296 1
72 12 1
855 968 17
664 957 1
12 705 9
439 328 12
966 20 10
603 65 17
719 648 10
648 84 0
384 829 10
811 885 2
849 23 17
726 513
59 146
654 441
644 603
355 198
735 964
484 99
239 541
469 28
481 3
152 219
981 907
388 360
666 749
588 870
895 436
437 945
545 673
754 507
652 200
788 868
734 500
840 37
721 604
169 857
406 208
319 572
521 426
472 208
551 638
958 473
164 10
62 591
79 770
43 109
623 803
384 678
731 1
583 62
484 77
595 503
256 177
430 117
170 42
885 275
33 159
992 308
613 237
824 907
166 136
445 251
182 582
376 459
573 631
653 349
1 0
111 0

39 106 317
601 127 0
805 720 10
70 937 8
909 478 1
458 893 1
839 464 18
31 917 0
103 489 9
375 575 15
917 296 1
72 12 1
855 968 17
664 957 1
12 705 9
439 328 12
966 20 10
603 65 17
719 648 10
648 84 0
384 829 10
811 885 2
849 23 17
779 364 11
584 80 8
396 292 10
271 685 16
124 27 4
159 911 5
46 256 10
756 67 1
531 824 6
139 927 20
924 510 8
770 124 11
642 407 0
464 420 10
940 362 9
157 946 7
926 993 12
313 921
651 340
281 622
620 68
805 748
860 506
897 512
501 925
869 473
370 624
270 825
875 225
790 923
452 963
257 324
594 323
851 740
983 651
669 251
421 400
678 464
246 697
588 266
847 473
573 710
579 422
0 103
636 543
291 336
320 831
745 27
592 146
397 252
925 965
184 617
189 560
692 679
581 419
302 655
431 724
413 790
579 969
804 757
77 144
850 558
776 78
114 519
714 582
517 258
723 403
972 637
614 273
978 168
20 319
129 907
959 358
364 259
595 242
29 983
489 394
815 102
361 625
129 315
481 38
11 817
38 357
199 154
202 672
300 526
765 468
416 496
603 671
581 221
551 596
992 49
700 628
240 747
185 320
845 468
517 239
27 706
672 374
822 665
741 886
19 34
790 606
332 805
84 103
383 357
297 186
652 841
687 592
793 949
416 936
440 212
487 500
140 334
485 886
565 728
605 319
834 240
489 279
846 361
713 835
286 186
255 107

29 78 233
601 127 0
805 720 10
70 937 8
909 478 1
458 893 1
839 464 18
31 917 0
103 489 9
375 575 15
917 296 1
72 12 1
855 968 17
664 957 1
12 705 9
439 328 12
966 20 10
603 65 17
719 648 10
648 84 0
384 829 10
811 885 2
849 23 17
779 364 11
584 80 8
396 292 10
271 685 16
124 27 4
159 911 5
46 256 10
654 617
80 381
814 563
59 840
589 771
918 40
57 251
64 267
515 146
990 890
559 269
1000 578
380 505
523 795
765 929
844 476
101 112
884 47
557 117
507 848
685 977
822 414
878 439
998 306
5 75
863 381
473 238
715 129
441 853
395 906
4 444
825 202
845 390
266 617
770 356
685 860
989 573
511 55
993 313
106 990
853 679
62 734
929 776
15 605
182 277
60 153
791 163
967 179
483 850
629 52
29 615
391 646
368 933
207 720
107 851
206 992
793 519
350 812
170 262
848 302
771 686
253 360
612 632
372 708
464 696
855 401
148 819
859 951
523 720
959 967
448 724
815 945
462 160
45 733
435 744
226 593
910 323
735 878

24 63 188
601 127 0
805 720 10
70 937 8
909 478 1
458 893 1
839 464 18
31 917 0
103 489 9
375 575 15
917 296 1
72 12 1
855 968 17
664 957 1
12 705 9
439 328 12
966 20 10
603 65 17
719 648 10
648 84 0
384 829 10
811 885 2
849 23 17
779 364 11
584 80 8
821 246
322 418
85 419
48 511
255 993
304 946
605 108
184 332
439 353
976 572
419 591
659 510
100 606
783 966
502 64
349 728
233 406
263 160
992 463
965 48
906 249
274 171
803 232
134 383
741 34
32 863
545 885
366 304
741 396
872 686
600 965
925 725
589 346
22 385
888 450
866 697
121 897
413 72
370 27
334 753
820 915
480 901
245 534
480 182
369 456
243 553
108 642
566 571
759 202
496 262
861 757
418 440
920 126
779 552
299 340
472 277
662 107
366 600
578 939
560 706
592 625
531 773
232 391

10 22 63
601 127 0
805 720 10
70 937 8
909 478 1
458 893 1
839 464 18
31 917 0
103 489 9
375 575 15
917 296 1
719 42
172 479
459 698
455 403
515 260
670 30
177 981
728 288
194 437
217 366
316 723
617 317
234 546
317 935
54 99
132 710
276 184
46 262
167 1
87 515
294 651
706 695

5 7 20
601 127 0
805 720 10
70 937 8
909 478 1
458 893 1
588 162
59 306
348 357
783 971
834 588
774 910
902 664

40 110 329
601 127 0
805 720 10
70 937 8
909 478 1
458 893 1
839 464 18
31 917 0
103 489 9
375 575 15
917 296 1
72 12 1
855 968 17
664 957 1
12 705 9
439 328 12
966 20 10
603 65 17
719 648 10
648 84 0
384 829 10
811 885 2
849 23 17
779 364 11
584 80 8
396 292 10
271 685 16
124 27 4
159 911 5
46 256 10
756 67 1
531 824 6
139 927 20
924 510 8
770 124 11
642 407 0
464 420 10
940 362 9
157 946 7
926 993 12
48 635 12
903 636
867 44
757 960
738 20
952 102
978 493
115 894
34 920
251 567
936 316
492 649
52 365
154 675
369 108
609 530
460 116
945 899
313 735
734 606
705 341
764 513
380 282
366 449
329 204
603 646
301 924
228 31
254 556
251 215
381 897
65 341
433 876
889 771
613 221
367 195
632 899
939 81
172 818
295 295
949 411
722 724
364 582
754 23
376 861
838 269
642 210
275 682
323 967
709 659
339 185
111 583
447 671
912 214
983 620
1 284
507 711
921 28
963 908
8 822
445 309
715 11
101 210
861 958
985 662
93 197
27 237
437 36
757 61
370 703
29 612
946 671
201 297
804 334
804 632
917 577
694 34
914 885
847 980
593 500
611 830
412 616
392 862
154 208
210 909
945 860
491 183
389 777
643 260
948 711
960 62
31 728
65 314
481 892
273 911
665 564
890 326
43 423
200 849
536 256
575 477
992 160
928 509
820 369
369 809
319 530
285 908
427 377
181 50
392 587
846 599

12 28 81
601 127 0
805 720 10
70 937 8
909 478 1
458 893 1
839 464 18
31 917 0
103 489 9
375 575 15
917 296 1
72 12 1
855 968 17
464 983
774 8
951 746
935 620
993 819
658 507
460 11
38 558
205 400
118 536
676 427
801 425
497 72
143 442
893 507
752 335
76 124
605 55
948 851
731 210
825 747
637 733
278 161
897 637
184 614
674 117
169 395
19 154

26 72 214
601 127 0
805 720 10
70 937 8
909 478 1
458 893 1
839 464 18
31 917 0
103 489 9
375 575 15
917 296 1
72 12 1
855 968 17
664 957 1
12 705 9
439 328 12
966 20 10
603 65 17
719 648 10
648 84 0
384 829 10
811 885 2
849 23 17
779 364 11
584 80 8
396 292 10
271 685 16
281 135
398 946
102 411
719 771
867 97
927 944
846 163
250 445
484 697
861 299
531 735
265 980
567 201
139 306
674 52
506 933
870 304
967 878
204 570
126 412
692 254
965 274
884 980
778 519
170 655
843 492
511 70
548 167
337 47
195 102
303 531
316 392
987 340
852 23
637 541
370 120
705 544
749 122
375 393
959 346
529 892
865 637
303 168
262 209
690 810
122 116
612 732
845 16
24 949
447 149
573 27
685 545
883 87
97 809
55 606
462 763
708 997
506 718
829 730
434 385
668 968
319 516
822 245
32 756
640 865
157 896
345 791
69 879
242 269
708 741
919 419
62 351

8 16 47
601 127 0
805 720 10
70 937 8
909 478 1
458 893 1
839 464 18
31 917 0
103 489 9
427 987
673 666
467 5
557 850
68 749
669 462
261 335
289 370
221 255
381 141
350 396
718 426
674 187
531 878
908 895
596 947

17 44 130
601 127 0
805 720 10
70 937 8
909 478 1
458 893 1
839 464 18
31 917 0
103 489 9
375 575 15
917 296 1
72 12 1
855 968 17
664 957 1
12 705 9
439 328 12
966 20 10
603 65 17
517 164
896 929
844 16
611 694
102 355
290 537
504 883
852 637
113 358
666 479
0 53
214 247
406 10
770 836
619 24
462 724
821 822
753 176
873 163
497 265
443 680
567 405
58 498
675 493
728 14
230 791
159 99
347 807
997 410
287 582
502 792
283 528
484 218
208 946
454 766
687 531
736 391
329 788
506 105
544 701
509 11
279 3
298 52
463 838

33 90 268
601 127 0
805 720 10
70 937 8
909 478 1
458 893 1
839 464 18
31 917 0
103 489 9
375 575 15
917 296 1
72 12 1
855 968 17
664 957 1
12 705 9
439 328 12
966 20 10
603 65 17
719 648 10
648 84 0
384 829 10
811 885 2
849 23 17
779 364 11
584 80 8
396 292 10
271 685 16
124 27 4
159 911 5
46 256 10
756 67 1
531 824 6
139 927 20
924 510 8
708 883
343 795
286 236
569 186
831 340
255 829
859 466
943 146
629 86
359 142
644 314
546 959
372 796
526 610
961 410
966 997
358 165
325 280
580 487
970 861
684 717
68 538
803 66
916 280
920 623
905 562
540 885
522 299
122 259
416 762
11 8
26 36
373 353
165 849
273 178
416 866
821 141
797 149
340 235
333 485
790 741
31 839
751 281
70 593
569 663
934 280
457 487
13 741
636 941
398 15
346 231
711 959
453 673
431 549
70 388
898 726
747 423
977 529
181 54
20 291
872 103
224 382
109 556
139 769
371 732
9 648
870 495
146 199
248 487
294 455
255 894
391 108
221 508
48 360
66 376
947 547
168 348
90 286
629 404
173 893
48 385
570 693
290 355
485 73
27 542
14 350
618 778
547 378
865 863
247 360

26 72 214
601 127 0
805 720 10
70 937 8
909 478 1
458 893 1
839 464 18
31 917 0
103 489 9
375 575 15
917 296 1
72 12 1
855 968 17
664 957 1
12 705 9
439 328 12
966 20 10
603 65 17
719 648 10
648 84 0
384 829 10
811 885 2
849 23 17
779 364 11
584 80 8
396 292 10
271 685 16
494 335
404 549
772 371
587 487
238 951
770 435
660 157
972 964
114 326
324 33
470 832
9 978
360 791
746 201
954 782
730 829
955 405
353 32
362 505
875 656
426 321
252 218
668 166
380 208
573 137
71 172
43 320
47 422
450 836
334 647
495 703
595 588
878 936
980 751
843 7
698 377
165 486
176 996
155 9
917 226
309 923
547 819
757 618
657 611
592 836
581 315
768 272
173 884
110 621
994 498
471 156
119 920
116 75
226 706
573 274
338 557
865 982
436 40
285 401
745 280
882 599
533 318
951 576
335 219
437 531
936 928
30 793
28 916
12 414
832 853
411 612
265 757

37 100 298
601 127 0
805 720 10
70 937 8
909 478 1
458 893 1
839 464 18
31 917 0
103 489 9
375 575 15
917 296 1
72 12 1
855 968 17
664 957 1
12 705 9
439 328 12
966 20 10
603 65 17
719 648 10
648 84 0
384 829 10
811 885 2
849 23 17
779 364 11
584 80 8
396 292 10
271 685 16
124 27 4
159 911 5
46 256 10
756 67 1
531 824 6
139 927 20
924 510 8
770 124 11
642 407 0
464 420 10
940 362 9
397 679
291 549
99 251
656 120
296 760
734 730
89 172
780 782
426 269
683 833
745 589
165 681
309 2
994 177
203 330
304 113
257 38
588 1000
24 566
640 951
503 424
771 664
347 313
275 69
179 623
123 818
642 492
459 697
490 576
600 289
187 984
99 67
958 300
627 399
875 246
668 811
196 376
547 223
455 794
544 934
807 814
644 775
693 516
94 926
617 538
507 823
417 500
25 915
285 866
883 136
552 563
666 19
221 214
218 272
191 711
453 403
89 973
80 629
822 913
381 913
872 429
944 641
166 937
952 390
461 65
886 96
561 847
644 582
149 417
783 279
134 483
516 822
679 270
100 642
255 731
112 482
144 390
790 435
336 51
429 143
15 819
626 181
284 705
134 354
451 776
167 374
284 311
631 407
720 479
739 538
889 826
983 126
950 85
83 440
633 212
940 605
918 267
195 286
673 279
313 917

27 73 218
601 127 0
805 720 10
70 937 8
909 478 1
458 893 1
839 464 18
31 917 0
103 489 9
375 575 15
917 296 1
72 12 1
855 968 17
664 957 1
12 705 9
439 328 12
966 20 10
603 65 17
719 648 10
648 84 0
384 829 10
811 885 2
849 23 17
779 364 11
584 80 8
396 292 10
271 685 16
124 27 4
218 265
665 503
134 140
340 917
335 735
980 200
308 634
793 986
91 271
166 801
174 856
673 174
716 915
423 226
388 291
155 295
197 621
992 584
7 221
30 419
874 750
465 487
132 368
453 671
529 521
629 576
493 229
13 548
649 203
474 650
569 122
541 47
922 548
222 775
739 462
60 156
533 563
58 454
768 367
607 23
413 697
793 190
671 331
422 30
844 187
354 949
541 282
216 348
319 28
472 309
521 542
673 325
190 532
766 191
872 543
656 846
738 553
401 557
564 768
242 35
538 365
313 440
629 604
537 832
386 937
933 403
604 642
635 503
249 731
254 543
76 218
903 437
447 708

8 16 47
601 127 0
805 720 10
70 937 8
909 478 1
458 893 1
839 464 18
31 917 0
103 489 9
555 537
721 466
108 514
867 958
248 275
65 854
689 170
177 290
123 93
300 934
984 613
994 32
539 926
497 896
705 677
771 524

4 7 19
601 127 0
805 720 10
70 937 8
909 478 1
182 35
795 152
404 679
120 185
628 328
157 945
39 95

22 57 169
601 127 0
805 720 10
70 937 8
909 478 1
458 893 1
839 464 18
31 917 0
103 489 9
375 575 15
917 296 1
72 12 1
855 968 17
664 957 1
12 705 9
439 328 12
966 20 10
603 65 17
719 648 10
648 84 0
384 829 10
811 885 2
849 23 17
758 305
220 884
548 246
565 904
842 41
583 347
895 234
113 827
538 403
715 225
470 545
444 306
588 528
424 217
138 632
547 161
198 52
619 550
608 973
429 747
60 252
482 219
488 306
415 188
818 882
401 756
684 252
607 103
981 958
928 538
752 630
196 834
178 113
284 27
691 895
145 192
602 733
836 851
448 966
882 103
714 158
639 590
684 897
375 833
261 877
904 334
759 763
16 993
42 402
512 572
856 489
917 616
445 50
638 824
444 967
983 59
618 253

31 81 240
601 127 0
805 720 10
70 937 8
909 478 1
458 893 1
839 464 18
31 917 0
103 489 9
375 575 15
917 296 1
72 12 1
855 968 17
664 957 1
12 705 9
439 328 12
966 20 10
603 65 17
719 648 10
648 84 0
384 829 10
811 885 2
849 23 17
779 364 11
584 80 8
396 292 10
271 685 16
124 27 4
159 911 5
46 256 10
756 67 1
531 824 6
930 814
513 849
572 59
476 458
520 271
769 339
132 988
821 96
648 637
550 849
712 110
80 215
464 677
529 479
958 903
457 727
292 297
405 912
457 305
755 355
824 529
982 752
278 677
375 91
905 573
793 446
698 634
825 909
893 16
846 176
48 504
667 621
784 843
962 662
726 650
98 946
153 83
590 287
615 536
5 734
90 229
707 691
902 581
822 698
557 470
560 201
137 335
521 779
235 864
618 527
146 569
597 731
691 308
708 285
970 362
754 922
95 532
209 876
362 974
158 958
662 907
977 221
332 555
910 64
592 134
896 562
305 887
744 717
308 447
677 214
335 761
53 320
82 692
540 388
109 244
267 301
302 37
652 160
280 508
929 645
539 307

13 28 82
601 127 0
805 720 10
70 937 8
909 478 1
458 893 1
839 464 18
31 917 0
103 489 9
375 575 15
917 296 1
72 12 1
855 968 17
664 957 1
344 526
224 598
489 484
397 918
810 643
624 724
949 717
377 196
510 628
843 545
342 257
421 357
308 777
482 76
244 908
938 82
655 501
126 972
99 191
140 403
187 562
653 150
666 970
543 367
660 859
361 525
3 161
855 614

31 81 240
601 127 0
805 720 10
70 937 8
909 478 1
458 893 1
839 464 18
31 917 0
103 489 9
375 575 15
917 296 1
72 12 1
855 968 17
664 957 1
12 705 9
439 328 12
966 20 10
603 65 17
719 648 10
648 84 0
384 829 10
811 885 2
849 23 17
779 364 11
584 80 8
396 292 10
271 685 16
124 27 4
159 911 5
46 256 10
756 67 1
531 824 6
377 652
53 597
122 383
421 838
595 664
797 209
721 331
490 862
608 835
865 565
255 51
920 972
266 721
792 787
665 154
824 505
348 182
20 669
847 199
329 729
859 454
673 732
926 796
606 377
514 295
201 60
715 56
623 765
168 338
552 966
901 47
686 677
235 157
914 115
162 319
540 645
282 997
585 365
269 907
960 725
515 13
778 905
636 830
704 373
796 554
981 496
677 333
899 132
694 141
123 366
359 610
3 850
990 788
482 992
991 497
624 84
687 339
244 730
406 891
342 170
529 580
742 933
823 245
958 210
322 666
185 558
965 153
440 516
896 968
939 959
446 616
762 889
383 156
754 653
86 491
180 152
820 589
238 971
964 516
248 254
393 853

19 47 140
601 127 0
805 720 10
70 937 8
909 478 1
458 893 1
839 464 18
31 917 0
103 489 9
375 575 15
917 296 1
72 12 1
855 968 17
664 957 1
12 705 9
439 328 12
966 20 10
603 65 17
719 648 10
648 84 0
243 125
876 118
988 969
508 692
351 646
123 133
475 851
832 232
265 726
48 780
751 565
675 588
86 200
989 913
9 563
902 542
70 821
51 331
699 423
959 530
356 236
528 696
161 486
441 887
292 458
227 667
157 954
174 6
406 749
422 121
915 104
928 220
967 107
921 863
80 912
70 849
753 352
741 890
954 113
185 122
901 929
518 975
90 943
180 635
399 31
465 787
697 300

3 7 18
601 127 0
805 720 10
70 937 8
341 829
533 582
215 387
851 938
457 425
841 728
158 971

38 102 305
601 127 0
805 720 10
70 937 8
909 478 1
458 893 1
839 464 18
31 917 0
103 489 9
375 575 15
917 296 1
72 12 1
855 968 17
664 957 1
12 705 9
439 328 12
966 20 10
603 65 17
719 648 10
648 84 0
384 829 10
811 885 2
849 23 17
779 364 11
584 80 8
396 292 10
271 685 16
124 27 4
159 911 5
46 256 10
756 67 1
531 824 6
139 927 20
924 510 8
770 124 11
642 407 0
464 420 10
940 362 9
157 946 7
235 875
801 586
480 711
560 940
942 39
204 61
747 755
713 499
578 89
957 883
984 195
463 950
489 668
476 471
126 931
520 60
194 819
450 466
648 972
600 895
740 711
497 227
362 645
184 290
100 383
655 332
923 603
169 262
813 808
354 387
928 812
765 886
728 961
267 466
59 18
414 265
197 513
91 940
859 566
686 791
737 872
62 300
880 801
38 720
467 593
178 504
500 462
632 422
757 622
512 87
342 579
800 43
799 987
582 991
196 6
121 396
281 484
411 714
525 614
545 415
892 360
298 167
465 106
144 858
223 754
866 278
224 242
685 504
344 918
314 699
256 975
194 624
953 125
507 745
38 650
182 626
802 110
96 973
838 798
81 224
980 997
49 202
93 982
531 287
364 260
806 759
314 144
607 20
846 292
205 494
589 837
452 471
115 630
536 541
140 698
253 794
751 274
931 618
402 522
846 5
262 824
159 727

9 21 62
601 127 0
805 720 10
70 937 8
909 478 1
458 893 1
839 464 18
31 917 0
103 489 9
375 575 15
970 428
848 221
381 688
566 213
340 959
658 667
276 882
700 71
216 217
481 513
779 149
569 58
897 116
108 183
449 53
715 779
649 373
62 5
628 424
581 171
360 307

29 78 233
601 127 0
805 720 10
70 937 8
909 478 1
458 893 1
839 464 18
31 917 0
103 489 9
375 575 15
917 296 1
72 12 1
855 968 17
664 957 1
12 705 9
439 328 12
966 20 10
603 65 17
719 648 10
648 84 0
384 829 10
811 885 2
849 23 17
779 364 11
584 80 8
396 292 10
271 685 16
124 27 4
159 911 5
46 256 10
240 181
948 305
896 422
225 979
633 334
327 719
881 884
676 191
865 741
715 670
777 43
403 676
80 100
577 841
927 620
657 855
922 287
876 871
885 732
641 906
472 381
624 949
79 772
287 723
525 462
738 69
797 563
166 586
414 585
988 77
591 64
585 116
941 189
40 716
415 533
414 497
553 36
533 971
28 248
547 322
65 282
144 135
563 485
731 670
583 158
876 940
670 871
942 699
695 743
110 761
221 938
485 891
505 476
726 337
81 816
270 280
123 196
621 485
705 511
633 321
815 39
862 583
470 838
922 153
324 217
793 677
596 822
795 3
450 457
294 380
753 61
35 216
887 407
103 391
76 887
48 827
662 867
628 813

14 31 91
601 127 0
805 720 10
70 937 8
909 478 1
458 893 1
839 464 18
31 917 0
103 489 9
375 575 15
917 296 1
72 12 1
855 968 17
664 957 1
12 705 9
60 60
131 595
424 732
756 790
724 940
362 213
178 367
953 165
98 390
62 517
642 933
108 361
276 823
122 243
598 922
903 753
663 20
891 869
884 872
862 370
991 888
258 265
638 249
88 713
500 20
999 305
476 352
342 316
330 204
957 58
417 316

13 28 82
601 127 0
805 720 10
70 937 8
909 478 1
458 893 1
839 464 18
31 917 0
103 489 9
375 575 15
917 296 1
72 12 1
855 968 17
664 957 1
723 367
276 896
66 288
883 160
268 98
374 17
91 659
642 977
428 137
156 54
163 66
951 535
726 835
803 275
96 412
404 178
9 469
838 646
295 694
12 565
106 441
987 450
573 795
704 762
792 922
427 361
953 631
296 742

21 51 152
601 127 0
805 720 10
70 937 8
909 478 1
458 893 1
839 464 18
31 917 0
103 489 9
375 575 15
917 296 1
72 12 1
855 968 17
664 957 1
12 705 9
439 328 12
966 20 10
603 65 17
719 648 10
648 84 0
384 829 10
811 885 2
791 361
532 525
154 561
418 396
812 1
393 80
51 241
219 672
601 252
663 993
838 331
546 863
608 332
215 374
78 70
264 650
981 783
611 926
145 688
793 362
341 17
799 36
804 893
799 231
710 515
104 126
910 18
580 376
300 381
680 274
180 209
367 289
461 574
847 960
670 940
947 772
544 649
439 133
6 851
603 48
563 352
943 812
679 778
958 155
438 723
965 390
200 736
411 419
435 794
261 476
632 695

4 7 19
601 127 0
805 720 10
70 937 8
909 478 1
937 413
969 694
97 212
96 458
282 120
347 157
913 571

22 57 169
601 127 0
805 720 10
70 937 8
909 478 1
458 893 1
839 464 18
31 917 0
103 489 9
375 575 15
917 296 1
72 12 1
855 968 17
664 957 1
12 705 9
439 328 12
966 20 10
603 65 17
719 648 10
648 84 0
384 829 10
811 885 2
849 23 17
855 173
304 804
655 993
434 185
267 885
934 429
790 456
837 520
414 614
893 737
256 208
374 952
332 439
763 180
805 907
303 926
534 981
520 966
51 86
94 135
585 521
647 374
631 408
194 546
554 49
209 688
403 939
940 236
906 412
379 931
893 400
732 361
192 971
236 13
511 335
856 727
371 612
456 972
420 206
542 357
708 719
383 677
355 98
479 534
198 382
127 638
28 977
185 140
765 517
316 803
216 633
578 995
19 815
360 820
42 244
548 764
294 983

31 81 240
601 127 0
805 720 10
70 937 8
909 478 1
458 893 1
839 464 18
31 917 0
103 489 9
375 575 15
917 296 1
72 12 1
855 968 17
664 957 1
12 705 9
439 328 12
966 20 10
603 65 17
719 648 10
648 84 0
384 829 10
811 885 2
849 23 17
779 364 11
584 80 8
396 292 10
271 685 16
124 27 4
159 911 5
46 256 10
756 67 1
531 824 6
899 552
551 168
739 417
584 82
301 223
455 221
711 223
806 443
86 551
704 235
360 338
185 863
550 699
423 852
469 536
769 605
681 271
146 481
233 4
945 16
709 654
692 78
495 850
46 933
265 611
546 22
77 43
801 115
597 281
297 854
1 529
0 948
118 64
373 670
943 38
890 987
89 948
207 322
498 187
511 716
352 657
307 268
247 289
171 744
205 995
163 114
17 117
213 992
461 67
182 423
405 988
778 334
3 326
255 213
54 52
960 598
670 368
815 960
56 874
730 362
373 704
427 309
241 203
957 203
389 384
183 745
633 635
115 654
258 690
365 772
893 677
595 249
551 38
656 741
635 653
386 129
349 865
326 140
155 541
184 47
52 408

13 28 82
601 127 0
805 720 10
70 937 8
909 478 1
458 893 1
839 464 18
31 917 0
103 489 9
375 575 15
917 296 1
72 12 1
855 968 17
664 957 1
796 965
245 622
724 626
800 710
284 181
384 682
510 867
985 520
619 1000
603 448
126 597
683 699
940 942
596 854
553 842
760 743
952 872
427 680
243 230
264 881
841 606
915 944
683 414
317 494
981 697
22 123
443 349
380 406

16 38 113
601 127 0
805 720 10
70 937 8
909 478 1
458 893 1
839 464 18
31 917 0
103 489 9
375 575 15
917 296 1
72 12 1
855 968 17
664 957 1
12 705 9
439 328 12
966 20 10
156 203
185 135
668 664
824 170
501 447
360 754
516 412
505 838
339 739
946 315
21 443
580 992
530 304
561 820
978 747
219 355
378 120
488 256
774 540
572 245
467 595
91 120
101 316
795 383
348 849
660 149
604 674
486 328
527 213
274 202
807 963
353 481
215 622
402 367
52 947
818 637
5 313
275 363

14 31 91
601 127 0
805 720 10
70 937 8
909 478 1
458 893 1
839 464 18
31 917 0
103 489 9
375 575 15
917 296 1
72 12 1
855 968 17
664 957 1
12 705 9
254 880
219 890
392 948
564 150
374 277
921 856
810 18
117 706
875 973
520 697
396 130
455 7
617 192
307 36
274 294
210 294
560 136
548 901
202 843
681 910
986 808
430 995
906 733
52 716
578 691
902 285
309 246
6 708
95 726
481 905
234 966

36 97 289
601 127 0
805 720 10
70 937 8
909 478 1
458 893 1
839 464 18
31 917 0
103 489 9
375 575 15
917 296 1
72 12 1
855 968 17
664 957 1
12 705 9
439 328 12
966 20 10
603 65 17
719 648 10
648 84 0
384 829 10
811 885 2
849 23 17
779 364 11
584 80 8
396 292 10
271 685 16
124 27 4
159 911 5
46 256 10
756 67 1
531 824 6
139 927 20
924 510 8
770 124 11
642 407 0
464 420 10
940 845
232 711
106 61
892 939
628 239
194 805
108 298
827 948
717 357
398 346
209 416
39 832
555 562
888 336
571 452
155 39
673 915
945 547
916 5
290 57
99 952
967 495
636 648
540 668
380 447
986 968
881 591
817 2
542 620
31 349
982 502
319 465
822 755
561 883
277 805
615 298
852 783
930 766
107 747
22 536
591 116
220 699
667 322
526 605
988 711
647 39
697 998
436 500
752 484
401 30
814 199
750 519
112 641
171 469
404 404
182 29
518 845
264 160
285 786
5 190
59 962
740 493
907 276
274 294
717 245
591 210
432 451
999 472
848 414
745 205
808 953
116 730
613 182
365 438
208 125
120 146
992 12
15 545
186 505
88 517
329 29
935 975
19 920
135 150
352 251
643 978
273 70
684 112
509 911
335 321
720 418
450 64
804 418
137 679
85 174
579 953
774 440

30 79 234
601 127 0
805 720 10
70 937 8
909 478 1
458 893 1
839 464 18
31 917 0
103 489 9
375 575 15
917 296 1
72 12 1
855 968 17
664 957 1
12 705 9
439 328 12
966 20 10
603 65 17
719 648 10
648 84 0
384 829 10
811 885 2
849 23 17
779 364 11
584 80 8
396 292 10
271 685 16
124 27 4
159 911 5
46 256 10
756 67 1
410 926
858 260
479 741
616 639
832 547
332 901
870 132
607 869
637 237
569 617
180 855
536 629
574 310
671 801
298 767
643 576
47 883
881 117
828 768
527 837
776 439
214 206
649 96
297 773
618 67
196 924
381 538
957 882
938 331
143 390
443 863
766 857
914 379
408 7
26 491
386 914
671 978
563 845
704 265
525 128
423 69
742 403
878 719
982 155
951 675
184 472
179 143
357 836
974 151
841 303
911 153
580 423
291 1
488 948
350 477
914 630
167 400
722 927
698 285
8 946
655 219
552 429
492 601
107 304
247 931
156 256
361 864
125 137
43 524
789 913
948 61
705 557
761 534
711 675
147 112
323 44
159 344
519 880
332 829

