4 1 100
1 1 3
3 3 3
4 4 3
5 5 3
2 2

4 2 100
1 1 3
3 3 3
4 4 3
5 5 3
3 3
4 4

4 3 100
1 1 3
3 3 3
4 4 3
5 5 3
4 4
5 5
6 6

4 4 100
1 1 3
3 3 3
4 4 3
5 5 3
5 5
6 6
7 7
8 8

4 5 100
1 1 3
3 3 3
4 4 3
5 5 3
6 6
7 7
8 8
9 9
10 10

4 6 100
1 1 3
3 3 3
4 4 3
5 5 3
7 7
8 8
9 9
10 10
11 11
12 12

4 7 100
1 1 3
3 3 3
4 4 3
5 5 3
8 8
9 9
10 10
11 11
12 12
13 13
14 14

4 8 100
1 1 3
3 3 3
4 4 3
5 5 3
9 9
10 10
11 11
12 12
13 13
14 14
15 15
16 16

4 9 100
1 1 3
3 3 3
4 4 3
5 5 3
9 9
10 10
11 11
12 12
13 13
14 14
15 15
16 16
17 17

4 10 100
1 1 3
3 3 3
4 4 3
5 5 3
9 9
10 10
11 11
12 12
13 13
14 14
15 15
16 16
17 17
18 18

4 11 100
1 1 3
3 3 3
4 4 3
5 5 3
9 9
10 10
11 11
12 12
13 13
14 14
15 15
16 16
17 17
18 18
19 19

4 12 100
1 1 3
3 3 3
4 4 3
5 5 3
9 9
10 10
11 11
12 12
13 13
14 14
15 15
16 16
17 17
18 18
19 19
20 20

4 13 100
1 1 3
3 3 3
4 4 3
5 5 3
9 9
10 10
11 11
12 12
13 13
14 14
15 15
16 16
17 17
18 18
19 19
20 20
21 21

4 14 100
1 1 3
3 3 3
4 4 3
5 5 3
9 9
10 10
11 11
12 12
13 13
14 14
15 15
16 16
17 17
18 18
19 19
20 20
21 21
22 22

4 15 100
1 1 3
3 3 3
4 4 3
5 5 3
9 9
10 10
11 11
12 12
13 13
14 14
15 15
16 16
17 17
18 18
19 19
20 20
21 21
22 22
23 23

5 1 100
1 1 3
3 3 3
4 4 3
5 5 3
6 6 3
2 2

5 2 100
1 1 3
3 3 3
4 4 3
5 5 3
6 6 3
3 3
4 4

5 3 100
1 1 3
3 3 3
4 4 3
5 5 3
6 6 3
4 4
5 5
6 6

5 4 100
1 1 3
3 3 3
4 4 3
5 5 3
6 6 3
5 5
6 6
7 7
8 8

5 5 100
1 1 3
3 3 3
4 4 3
5 5 3
6 6 3
6 6
7 7
8 8
9 9
10 10

5 6 100
1 1 3
3 3 3
4 4 3
5 5 3
6 6 3
7 7
8 8
9 9
10 10
11 11
12 12

5 7 100
1 1 3
3 3 3
4 4 3
5 5 3
6 6 3
8 8
9 9
10 10
11 11
12 12
13 13
14 14

5 8 100
1 1 3
3 3 3
4 4 3
5 5 3
6 6 3
9 9
10 10
11 11
12 12
13 13
14 14
15 15
16 16

5 9 100
1 1 3
3 3 3
4 4 3
5 5 3
6 6 3
9 9
10 10
11 11
12 12
13 13
14 14
15 15
16 16
17 17

5 10 100
1 1 3
3 3 3
4 4 3
5 5 3
6 6 3
9 9
10 10
11 11
12 12
13 13
14 14
15 15
16 16
17 17
18 18

5 11 100
1 1 3
3 3 3
4 4 3
5 5 3
6 6 3
9 9
10 10
11 11
12 12
13 13
14 14
15 15
16 16
17 17
18 18
19 19

5 12 100
1 1 3
3 3 3
4 4 3
5 5 3
6 6 3
9 9
10 10
11 11
12 12
13 13
14 14
15 15
16 16
17 17
18 18
19 19
20 20

5 13 100
1 1 3
3 3 3
4 4 3
5 5 3
6 6 3
9 9
10 10
11 11
12 12
13 13
14 14
15 15
16 16
17 17
18 18
19 19
20 20
21 21

5 14 100
1 1 3
3 3 3
4 4 3
5 5 3
6 6 3
9 9
10 10
11 11
12 12
13 13
14 14
15 15
16 16
17 17
18 18
19 19
20 20
21 21
22 22

5 15 100
1 1 3
3 3 3
4 4 3
5 5 3
6 6 3
9 9
10 10
11 11
12 12
13 13
14 14
15 15
16 16
17 17
18 18
19 19
20 20
21 21
22 22
23 23


6 1 100
1 1 3
3 3 3
4 4 3
5 5 3
6 6 3
7 7 3
2 2

6 2 100
1 1 3
3 3 3
4 4 3
5 5 3
6 6 3
7 7 3
3 3
4 4

6 3 100
1 1 3
3 3 3
4 4 3
5 5 3
6 6 3
7 7 3
4 4
5 5
6 6

6 4 100
1 1 3
3 3 3
4 4 3
5 5 3
6 6 3
7 7 3
5 5
6 6
7 7
8 8

6 5 100
1 1 3
3 3 3
4 4 3
5 5 3
6 6 3
7 7 3
6 6
7 7
8 8
9 9
10 10

6 6 100
1 1 3
3 3 3
4 4 3
5 5 3
6 6 3
7 7 3
7 7
8 8
9 9
10 10
11 11
12 12

6 7 100
1 1 3
3 3 3
4 4 3
5 5 3
6 6 3
7 7 3
8 8
9 9
10 10
11 11
12 12
13 13
14 14

6 8 100
1 1 3
3 3 3
4 4 3
5 5 3
6 6 3
7 7 3
9 9
10 10
11 11
12 12
13 13
14 14
15 15
16 16

6 9 100
1 1 3
3 3 3
4 4 3
5 5 3
6 6 3
7 7 3
9 9
10 10
11 11
12 12
13 13
14 14
15 15
16 16
17 17

6 10 100
1 1 3
3 3 3
4 4 3
5 5 3
6 6 3
7 7 3
9 9
10 10
11 11
12 12
13 13
14 14
15 15
16 16
17 17
18 18

6 11 100
1 1 3
3 3 3
4 4 3
5 5 3
6 6 3
7 7 3
9 9
10 10
11 11
12 12
13 13
14 14
15 15
16 16
17 17
18 18
19 19

6 12 100
1 1 3
3 3 3
4 4 3
5 5 3
6 6 3
7 7 3
9 9
10 10
11 11
12 12
13 13
14 14
15 15
16 16
17 17
18 18
19 19
20 20

6 13 100
1 1 3
3 3 3
4 4 3
5 5 3
6 6 3
7 7 3
9 9
10 10
11 11
12 12
13 13
14 14
15 15
16 16
17 17
18 18
19 19
20 20
21 21

6 14 100
1 1 3
3 3 3
4 4 3
5 5 3
6 6 3
7 7 3
9 9
10 10
11 11
12 12
13 13
14 14
15 15
16 16
17 17
18 18
19 19
20 20
21 21
22 22

6 15 100
1 1 3
3 3 3
4 4 3
5 5 3
6 6 3
7 7 3
9 9
10 10
11 11
12 12
13 13
14 14
15 15
16 16
17 17
18 18
19 19
20 20
21 21
22 22
23 23