1 1 3
1 1 1
2 2

2 2 6
1 1 1
2 2 2
3 3
4 4

3 3 9
1 1 1
2 2 2
3 3 3
4 4
5 5
6 6

4 4 12
1 1 1
2 2 2
3 3 3
4 4 1
5 5
6 6
7 7
8 8

5 5 15
1 1 1
2 2 2
3 3 3
4 4 1
5 5 2
6 6
7 7
8 8
9 9
10 10

6 6 18
1 1 1
2 2 2
3 3 3
4 4 1
5 5 2
6 6 3
7 7
8 8
9 9
10 10
11 11
12 12

7 7 21
1 1 1
2 2 2
3 3 3
4 4 1
5 5 2
6 6 3
7 7 1
8 8
9 9
10 10
11 11
12 12
13 13
14 14

8 8 24
1 1 1
2 2 2
3 3 3
4 4 1
5 5 2
6 6 3
7 7 1
8 8 2
9 9
10 10
11 11
12 12
13 13
14 14
15 15
16 16

1 1 3
1 1 3
2 2

2 2 6
1 1 3
2 2 3
3 3
4 4

3 3 9
1 1 3
2 2 3
3 3 3
4 4
5 5
6 6

4 4 12
1 1 3
2 2 3
3 3 3
4 4 3
5 5
6 6
7 7
8 8

5 5 15
1 1 3
2 2 3
3 3 3
4 4 3
5 5 3
6 6
7 7
8 8
9 9
10 10

6 6 18
1 1 3
2 2 3
3 3 3
4 4 3
5 5 3
6 6 3
7 7
8 8
9 9
10 10
11 11
12 12

7 7 21
1 1 3
2 2 3
3 3 3
4 4 3
5 5 3
6 6 3
7 7 3
8 8
9 9
10 10
11 11
12 12
13 13
14 14

8 8 24
1 1 3
2 2 3
3 3 3
4 4 3
5 5 3
6 6 3
7 7 3
8 8 3
9 9
10 10
11 11
12 12
13 13
14 14
15 15
16 16