100
2 1 15
75 3 1
27 3 18
57 32
4 4 15
59 17 23
17 1 0
14 3 18
45 62 8
24 6
43 35
56 94
81 36
7 8 7
66 39 10
25 98 10
39 21 16
26 62 1
55 31 4
36 84 7
44 84 5
36 41
69 35
74 53
10 8
55 59
43 42
3 59
25 95
2 1 16
46 64 2
94 39 4
77 94
8 2 36
80 51 1
96 33 20
7 65 22
33 25 6
75 20 12
63 53 14
48 89 3
54 97 12
23 33
25 3
7 2 22
86 90 12
82 0 3
40 29 7
2 18 17
53 88 4
97 83 23
95 56 8
46 57
19 25
7 2 7
16 78 23
6 12 10
27 12 14
0 42 3
11 59 15
1 58 3
40 39 13
49 3
32 54
7 8 9
60 31 9
46 69 11
3 73 3
41 44 13
90 56 22
38 65 21
50 97 7
42 72
30 89
97 65
26 45
61 77
37 54
67 45
2 96
8 7 19
9 71 3
47 43 16
84 1 24
23 49 17
64 3 3
93 29 23
100 91 9
99 63 14
70 90
96 52
51 18
98 90
14 9
94 66
19 86
1 4 0
22 20 13
71 80
100 2
54 62
79 26
7 7 36
41 11 8
24 76 4
72 55 1
13 54 1
37 40 24
23 60 15
73 95 12
74 59
97 36
77 67
9 27
35 44
7 75
71 4
3 1 4
61 85 24
86 84 3
40 60 0
58 65
4 7 29
10 24 6
49 89 22
81 21 23
66 73 12
29 88
13 83
69 99
26 72
82 47
68 43
56 45
2 8 2
25 36 12
19 48 19
81 95
73 10
14 75
97 3
69 23
18 23
83 32
68 65
7 5 25
8 50 1
1 10 3
52 10 24
100 57 10
64 27 0
32 100 7
48 5 1
94 91
13 38
82 100
72 32
21 37
8 8 31
26 21 21
55 93 16
23 31 19
0 13 15
22 76 21
35 80 15
14 8 8
14 41 12
55 69
15 46
44 100
35 66
74 77
57 6
24 34
66 78
2 7 48
67 94 22
54 46 1
86 95
90 5
49 9
16 42
85 45
18 34
69 20
6 4 42
85 59 4
77 90 17
74 70 5
92 42 6
92 68 14
48 21 9
4 73
81 63
79 26
33 37
7 7 10
76 100 7
83 48 1
30 10 16
80 13 2
86 77 24
83 68 7
70 3 0
42 34
35 44
64 19
11 42
35 9
15 40
90 69
3 3 17
96 22 12
34 67 4
89 32 7
60 84
67 15
87 62
7 4 40
29 29 20
35 88 16
11 96 18
14 48 12
29 75 24
72 64 5
50 55 15
13 15
80 57
19 56
57 58
8 7 20
11 56 13
14 18 24
35 81 11
27 0 3
28 49 3
71 90 9
10 18 14
18 68 2
65 100
96 45
49 64
82 12
7 71
99 16
40 3
8 7 16
52 71 17
29 95 7
35 70 7
83 96 2
32 54 4
54 42 2
100 19 0
56 54 21
69 15
49 16
2 82
58 72
77 22
58 96
35 60
3 3 15
64 52 0
35 87 0
97 15 10
9 11
92 34
29 7
5 8 39
76 30 3
69 98 3
57 31 14
84 81 14
32 64 24
39 93
80 13
80 93
72 82
76 80
54 74
48 11
9 9
1 4 0
0 48 22
4 90
8 23
94 61
32 33
6 6 24
29 90 1
39 19 23
48 12 22
48 52 20
51 96 19
14 8 3
8 89
67 92
89 20
62 33
92 1
66 3
1 7 22
27 87 12
30 16
9 45
81 95
77 35
96 29
61 40
54 75
6 7 46
63 9 24
16 84 12
40 89 13
29 22 15
87 47 14
11 99 21
40 74
17 90
66 34
59 74
81 86
79 78
89 84
2 2 39
62 46 21
40 51 3
59 33
42 1
3 5 46
41 97 22
85 42 19
56 99 23
64 87
49 50
92 78
15 26
87 68
7 1 1
73 46 4
78 23 4
0 77 4
41 58 24
92 89 4
58 49 3
18 36 19
15 18
6 3 6
66 69 21
11 92 5
0 69 21
32 41 17
99 5 6
50 5 2
43 13
79 47
84 42
7 4 21
35 77 18
75 46 20
53 66 21
58 80 7
67 53 17
23 52 24
52 80 22
16 97
88 25
96 86
16 3
7 8 41
94 74 16
43 10 4
61 75 15
79 8 14
5 26 13
54 17 7
94 86 5
4 43
97 92
0 24
17 66
84 83
28 21
0 25
56 99
7 4 12
89 55 19
51 94 12
37 80 16
58 18 0
78 47 5
35 47 9
19 58 3
45 28
39 32
72 14
84 96
6 5 28
44 42 8
64 81 23
75 67 2
13 0 4
93 43 9
39 39 11
36 69
80 5
80 2
72 100
10 62
5 2 4
67 97 0
41 51 0
43 45 23
92 65 7
64 25 6
98 0
60 33
5 8 41
75 38 22
98 42 14
28 74 20
49 100 13
85 26 3
69 74
64 44
33 12
22 41
87 73
37 86
37 79
99 37
8 8 47
97 66 16
55 67 16
68 27 15
47 97 6
74 70 14
59 0 2
95 12 11
92 21 6
2 48
56 35
59 57
35 60
75 33
33 33
41 35
38 66
5 8 17
51 3 13
72 58 17
46 73 13
85 15 5
33 34 8
30 58
5 37
42 36
81 0
41 8
61 14
16 32
83 14
2 4 4
62 85 7
87 18 15
41 83
55 33
45 33
26 98
8 1 36
89 26 11
39 55 0
11 28 9
44 24 24
96 70 14
49 30 7
69 78 13
79 0 2
39 22
7 7 21
6 45 18
68 71 0
100 1 0
50 68 11
68 22 13
18 68 2
56 76 19
51 41
10 52
16 5
42 87
67 85
97 59
83 44
6 7 25
35 97 14
15 58 7
21 77 5
60 19 9
12 33 17
93 8 8
34 38
60 74
85 27
18 55
96 86
53 13
25 16
5 2 19
35 22 22
92 26 11
91 23 1
14 72 22
75 70 5
72 13
74 90
3 3 0
94 60 8
42 65 15
20 49 5
13 54
74 52
14 59
2 8 24
75 21 10
95 0 23
34 27
24 4
13 66
23 19
49 18
76 59
56 57
13 44
6 4 7
48 11 24
10 13 8
66 39 15
21 69 21
55 14 19
57 98 7
68 69
5 80
16 56
15 38
7 7 24
84 77 5
85 57 5
6 7 15
58 87 11
38 96 9
38 95 14
19 13 0
49 98
60 15
99 38
34 68
95 32
40 35
15 74
6 2 42
50 65 22
49 45 13
81 46 2
38 29 12
81 82 8
9 70 10
14 5
72 5
8 4 6
81 22 2
4 89 11
71 1 16
49 43 6
69 30 24
61 19 5
67 85 22
65 92 3
51 53
88 89
53 77
2 86
3 6 24
66 88 17
0 64 9
87 24 11
63 70
52 17
21 75
100 3
91 6
35 5
4 2 13
22 82 20
45 55 6
86 41 8
38 68 19
2 59
4 77
1 1 4
31 92 24
74 35
5 1 26
60 18 23
98 37 9
22 44 0
18 17 21
86 82 12
81 99
3 4 24
35 30 24
5 75 13
39 96 12
70 1
76 61
70 67
7 78
5 6 19
60 19 4
19 95 9
20 76 6
20 58 6
99 65 23
11 70
20 44
71 67
43 98
48 96
94 65
4 7 37
71 86 9
42 21 12
5 90 16
16 71 7
94 65
25 28
48 97
87 43
34 2
59 10
79 54
6 4 39
56 16 18
91 58 8
58 10 10
81 73 11
12 46 18
43 75 14
91 24
50 92
67 36
30 74
4 4 17
81 91 18
97 56 20
73 39 9
17 5 17
16 65
19 30
92 30
93 2
8 7 12
63 32 7
50 10 4
84 83 6
12 86 11
3 8 2
66 49 7
69 62 16
64 33 20
1 10
20 72
64 41
11 51
17 5
67 60
41 58
4 6 0
34 58 11
41 68 11
89 44 17
16 28 4
27 45
64 52
96 88
12 76
54 20
49 71
1 6 4
76 17 8
67 51
96 39
15 84
26 56
92 88
77 35
4 3 10
8 97 17
59 58 1
83 11 3
80 42 4
86 7
65 84
47 19
3 1 5
86 96 4
10 44 12
59 15 7
21 87
3 5 16
4 38 23
99 72 19
77 100 23
8 54
80 92
40 71
8 55
95 88
2 2 44
89 87 21
20 53 15
29 84
0 9
2 7 17
91 16 11
57 58 10
13 55
78 65
3 34
46 71
80 57
87 30
40 77
1 2 36
36 68 5
76 26
41 59
8 7 43
71 44 22
88 54 8
33 56 9
57 39 22
24 21 24
8 60 2
93 8 19
28 41 8
80 63
29 3
37 84
75 59
14 89
38 87
61 9
6 4 40
16 19 17
71 82 4
54 6 13
37 20 10
23 99 16
73 98 11
89 20
9 87
66 62
6 38
3 4 14
65 4 4
6 57 22
27 78 7
27 70
92 30
48 44
85 27
7 6 39
11 29 18
73 32 23
56 15 4
0 17 0
10 90 1
75 29 24
97 76 6
29 84
67 8
93 87
43 72
21 63
89 86
4 5 44
91 62 23
100 37 13
80 12 20
86 23 10
87 71
39 70
54 62
11 78
16 63
7 3 39
95 5 24
21 84 2
45 79 7
97 54 4
97 38 14
96 66 6
100 64 10
12 35
70 29
54 71
5 7 10
75 31 0
70 5 21
28 82 0
42 39 4
94 19 6
18 68
5 0
87 19
96 19
22 41
58 17
86 15
5 4 11
67 25 15
46 6 10
96 40 23
8 37 15
26 92 12
54 100
36 84
72 5
78 73
1 1 18
82 5 18
84 69
1 7 1
41 62 22
81 60
18 3
94 24
56 53
23 21
31 81
54 86
2 8 6
58 42 16
72 56 3
16 19
10 87
22 84
44 48
49 22
12 26
77 67
2 2
8 7 36
23 98 16
32 80 23
83 48 0
27 45 21
67 66 7
56 6 20
50 61 15
98 67 2
29 75
14 59
7 76
28 73
47 36
78 26
31 61
4 3 13
44 49 15
73 72 7
32 50 20
58 7 9
63 95
63 16
36 76
2 2 46
72 51 21
86 44 9
28 98
32 7
5 7 7
44 36 11
51 7 20
57 66 2
69 97 18
63 21 2
11 10
5 86
27 82
62 30
28 67
46 5
85 70
6 1 44
92 69 0
86 29 24
58 18 7
26 86 1
90 20 7
36 62 23
56 72
3 3 12
52 72 22
84 6 15
65 82 17
64 15
65 67
38 78
5 2 5
15 48 13
35 49 9
8 41 19
33 38 15
34 5 11
55 6
88 90
1 8 46
82 91 24
45 27
29 26
56 12
43 16
68 52
70 73
48 30
33 70
4 1 11
39 52 22
43 10 1
38 96 13
72 82 19
78 17
7 3 2
93 27 8
48 83 22
3 54 14
74 84 9
82 15 21
80 18 10
62 89 18
41 66
81 81
55 63
5 4 26
12 27 1
34 51 15
61 82 3
39 93 12
68 89 17
0 14
5 64
91 82
40 45
1 6 9
15 15 17
60 45
4 99
87 66
79 10
45 30
29 20
7 4 27
14 55 7
80 9 14
5 50 4
80 25 10
14 26 22
27 6 3
96 94 21
83 62
9 36
63 75
47 56
1 1 5
23 36 12
69 11
3 2 3
74 28 12
90 6 4
63 13 24
46 32
31 46
1 6 48
50 78 18
22 96
92 43
41 30
92 18
4 70
38 94
3 6 14
57 46 14
41 49 22
23 3 2
71 97
99 72
50 97
24 42
65 98
8 42
7 4 33
79 33 22
24 7 0
90 73 18
40 54 23
1 61 2
83 12 19
91 15 10
37 26
31 23
21 9
14 61
7 2 7
49 73 18
44 58 7
40 25 13
50 59 18
87 49 2
49 56 23
56 12 9
76 10
42 31
