8 8 36
33 48 14
70 58 7
45 84 15
52 2 0
6 79 1
48 71 1
67 94 24
17 83 22
81 85
95 66
16 3
27 38
32 85
72 16
83 95
13 37
8 4 41
7 14 19
42 94 11
62 71 9
83 65 9
73 1 22
93 44 6
19 57 22
70 1 18
100 72
33 35
3 69
83 85
3 6 21
100 0 11
27 64 11
85 25 11
98 71
65 89
22 46
60 99
60 35
29 34
1 1 42
99 19 2
51 65
8 2 38
60 65 16
10 53 20
22 13 7
12 88 14
24 64 18
97 27 1
89 30 3
8 71 0
47 60
91 66
5 8 6
51 19 24
95 67 7
51 58 5
100 60 3
91 33 13
51 86
35 37
88 15
81 54
97 18
2 80
84 49
74 94
5 6 31
75 76 0
65 18 18
63 27 23
68 79 13
94 21 13
82 89
39 88
3 62
87 21
54 30
67 48
6 1 32
47 90 9
72 80 11
34 60 17
66 41 7
57 84 5
54 24 1
95 74
3 7 33
99 60 22
24 10 12
86 35 17
4 77
82 71
11 81
47 8
31 26
22 81
56 55
6 3 38
94 9 12
85 0 6
45 93 18
50 12 13
56 99 14
87 12 4
32 21
48 40
57 19
5 7 33
14 59 24
97 52 21
77 18 16
55 98 19
17 91 24
99 9
29 80
41 84
67 4
52 7
67 79
76 31
6 3 43
82 73 15
56 28 4
76 86 21
1 8 21
6 8 19
44 5 2
76 50
91 50
43 90
1 4 7
10 54 6
8 1
47 48
48 97
65 5
2 5 19
47 3 2
52 6 19
77 39
55 53
97 9
10 18
11 99
3 6 29
30 99 21
7 69 14
22 79 13
81 82
64 41
67 54
18 22
77 16
32 43
1 7 4
46 25 1
4 86
67 35
20 92
92 89
15 86
86 9
89 14
1 1 10
49 69 10
86 14
2 8 26
57 98 8
10 82 20
70 15
29 72
74 18
100 13
47 30
44 91
0 56
78 45
8 1 44
51 99 22
58 72 20
99 30 2
0 91 13
61 78 5
34 11 12
90 46 1
39 19 11
94 47
7 1 0
67 54 24
10 12 8
42 59 4
18 90 23
95 95 8
63 79 22
9 50 22
67 3
6 3 17
14 23 24
2 9 14
91 56 17
27 86 22
56 20 14
0 36 24
49 33
67 76
19 37
3 2 21
33 51 20
79 51 21
89 5 21
12 89
87 95
7 6 38
19 4 22
75 63 13
68 83 5
44 17 20
23 30 11
88 93 24
97 100 17
49 93
64 32
55 90
8 25
45 43
59 70
2 5 35
16 91 14
19 82 22
79 13
85 20
87 50
52 61
28 21
8 4 11
1 50 9
68 65 17
64 28 5
44 62 19
9 62 2
46 32 19
26 59 23
85 10 12
81 98
33 56
86 15
58 54
7 2 47
76 64 8
42 80 12
52 24 17
99 94 18
61 73 7
73 99 15
99 4 24
66 100
88 18
8 7 26
93 8 13
21 89 12
71 34 7
11 53 24
63 78 18
35 87 6
69 91 24
29 68 18
11 58
100 58
77 67
21 21
97 65
45 54
97 60
1 2 33
76 63 18
35 20
100 31
7 3 1
73 41 1
87 96 24
30 84 11
65 86 7
58 47 6
54 60 15
8 35 11
16 38
84 33
33 84
7 4 22
69 14 7
12 1 7
6 61 0
82 41 24
91 48 4
14 14 16
32 98 0
77 90
82 79
40 97
94 32
2 1 9
76 86 7
25 85 19
49 3
4 1 20
3 35 17
39 47 22
88 59 6
33 51 1
47 90
3 4 2
69 21 0
62 20 2
30 1 22
66 91
1 98
67 4
67 61
6 3 5
15 42 9
50 12 6
49 60 8
98 81 11
33 84 16
29 89 13
50 19
90 56
100 22
5 1 48
50 18 3
0 89 4
22 48 19
5 51 23
72 23 22
78 65
8 4 37
1 70 5
34 34 5
22 79 13
14 37 21
83 36 4
35 79 10
17 53 18
40 47 20
45 54
47 81
98 67
33 17
1 8 9
62 42 24
69 89
39 16
26 20
8 69
49 15
10 38
51 55
82 83
1 5 16
44 59 2
29 74
51 22
94 10
81 65
94 31
3 5 31
6 52 7
34 40 3
64 75 22
21 62
96 11
87 99
17 93
7 46
2 8 30
61 87 4
67 31 15
43 39
52 56
9 93
87 41
88 23
65 61
29 9
97 44
6 2 8
9 14 14
69 33 13
92 7 20
37 25 5
60 32 23
43 64 12
60 61
29 19
1 5 5
89 96 8
68 30
59 38
59 9
83 39
88 88
4 8 26
37 17 11
22 48 9
19 46 20
12 40 15
53 13
60 98
87 40
43 76
28 20
72 16
12 80
15 35
7 8 31
76 92 17
27 91 14
58 78 13
73 60 11
63 17 12
86 90 8
44 2 24
52 44
75 20
39 30
62 94
61 35
20 10
95 33
0 1
8 8 26
93 54 16
76 29 19
97 100 18
83 99 20
100 11 13
51 16 16
80 83 15
62 18 2
82 55
79 28
94 41
41 68
12 14
85 89
46 57
63 77
4 3 30
96 87 9
27 83 12
7 0 21
45 75 8
20 64
48 32
51 60
5 2 46
24 61 12
35 22 4
5 3 19
95 81 2
5 40 15
69 62
91 6
8 8 31
28 32 14
80 78 1
32 99 10
64 73 12
7 23 24
10 65 22
2 10 19
36 57 18
90 10
14 88
75 42
87 26
80 70
97 13
23 24
16 29
6 3 43
5 98 8
34 47 20
34 88 4
100 14 10
25 11 21
51 22 21
85 1
72 100
68 81
4 4 0
48 46 12
39 91 4
73 42 0
39 87 23
10 53
86 9
89 68
17 4
1 5 30
87 9 4
53 63
44 30
29 51
0 44
61 75
4 6 17
82 36 10
37 82 19
97 52 13
82 82 13
24 35
36 47
23 19
19 34
67 71
47 26
3 6 34
39 88 16
89 52 8
29 41 5
93 31
18 13
16 28
64 69
26 37
29 84
5 4 11
82 69 10
2 94 9
36 60 24
13 14 23
79 22 0
97 1
39 3
94 33
18 8
3 2 24
55 3 16
91 70 6
61 6 15
72 16
79 48
4 7 9
74 14 11
96 10 15
0 43 14
66 42 17
80 91
62 85
16 5
26 41
70 3
50 80
75 72
8 4 22
64 6 20
71 76 16
39 36 23
21 5 20
49 8 22
23 0 16
31 19 8
16 42 9
76 47
44 20
21 20
22 11
2 1 9
42 66 24
64 33 13
95 69
5 5 15
58 43 16
0 89 16
35 10 23
29 3 11
30 22 10
5 16
38 7
75 90
72 73
51 29
7 1 21
12 49 7
94 17 14
17 78 15
87 87 13
95 90 8
60 75 7
85 2 23
86 89
4 3 5
54 51 23
99 34 0
53 31 6
40 54 11
2 35
2 97
82 51
6 4 16
97 36 19
26 14 13
2 50 11
84 49 13
91 89 18
82 59 9
30 29
80 49
74 13
26 5
2 3 5
82 23 9
23 1 6
63 28
85 73
29 100
8 1 25
99 17 15
6 27 6
16 60 19
72 87 5
83 21 4
81 44 3
38 62 8
93 11 4
69 34
3 1 6
28 69 8
63 28 9
10 60 4
69 54
8 3 33
16 84 21
76 2 22
78 32 21
45 97 20
12 35 2
50 54 21
82 72 14
29 45 14
96 18
9 19
55 75
8 6 47
69 90 6
100 88 3
68 14 1
67 95 15
61 67 12
19 0 1
1 37 2
7 17 7
70 50
87 10
69 48
6 15
16 49
86 54
6 4 39
12 94 2
13 62 4
75 77 18
22 0 23
59 67 7
62 21 1
22 43
7 17
89 9
6 92
1 2 0
82 100 13
20 76
73 71
2 4 27
36 58 21
52 30 20
25 6
58 44
51 45
1 70
8 1 14
37 97 19
76 67 11
84 23 2
24 18 18
70 73 8
18 37 17
62 47 12
38 6 17
29 18
1 7 7
56 87 6
77 98
98 74
43 79
82 9
69 98
80 72
14 52
4 7 6
1 82 0
73 69 11
41 98 23
76 43 22
73 23
14 16
52 18
15 84
73 82
37 26
87 23
8 6 36
89 9 2
95 86 17
60 100 4
38 0 8
55 83 12
17 85 1
99 33 23
89 72 15
61 54
53 94
92 93
11 59
58 72
63 57
7 3 21
100 74 16
48 38 3
3 53 5
48 29 5
77 43 24
25 39 23
95 83 14
23 82
32 21
56 86
6 2 31
4 79 5
30 28 18
87 83 6
19 46 14
42 73 1
17 78 8
95 14
3 55
4 2 2
66 30 6
39 17 6
29 69 1
18 61 9
4 78
64 54
5 5 11
82 20 14
92 99 13
27 84 24
15 42 4
61 56 11
75 16
92 30
92 21
81 6
32 96
5 5 12
69 56 14
70 60 20
49 62 5
8 61 16
3 92 2
24 56
51 96
59 15
84 19
1 19
3 2 4
82 23 9
26 4 22
99 69 8
62 27
86 9
1 4 22
26 9 12
66 91
21 22
24 35
69 45
4 8 48
41 49 14
40 78 6
73 3 3
49 82 11
96 13
77 89
70 73
70 77
20 90
85 51
44 59
13 38
1 3 20
47 60 5
75 38
84 16
18 58
4 1 5
59 0 8
40 12 2
57 35 4
13 52 13
76 23
4 4 31
43 21 20
88 96 17
99 8 24
67 1 4
91 72
56 68
45 66
74 31
2 7 7
14 1 19
31 41 4
58 78
6 67
63 56
47 22
23 39
95 6
16 19
5 8 43
10 36 0
97 11 11
85 5 16
5 20 3
24 83 6
74 95
31 12
15 94
86 19
61 93
83 9
89 40
13 52
3 2 2
13 88 6
69 95 12
83 29 18
23 37
92 69
6 2 47
91 80 23
63 98 1
1 32 8
49 13 24
100 73 21
61 59 8
5 88
68 49
5 4 39
52 85 21
100 18 0
76 43 17
45 64 22
90 53 17
51 6
48 42
92 62
74 33
1 3 39
92 98 9
50 89
1 70
76 56
1 1 7
12 100 10
20 71
8 4 0
8 12 19
80 98 1
74 97 19
21 58 22
86 75 18
44 8 11
48 10 21
80 69 5
70 27
66 84
95 62
79 0
3 8 45
33 98 2
5 13 1
61 10 15
7 58
30 24
25 22
58 82
99 50
98 29
55 27
32 73
7 8 32
63 4 13
95 8 7
16 52 7
57 65 21
60 26 8
54 1 10
58 65 11
72 87
15 42
19 45
66 7
41 36
44 82
96 70
24 91
3 6 46
96 98 9
58 51 9
22 78 9
94 48
31 20
6 11
93 11
41 5
18 0
5 4 28
76 94 23
82 65 15
71 56 7
4 79 17
91 74 4
47 63
86 62
73 53
57 43
1 6 24
56 99 11
33 50
46 96
69 10
49 20
99 56
86 39
2 6 3
46 67 8
37 15 17
90 50
46 14
20 73
22 33
96 51
62 6
4 7 45
16 38 0
20 72 22
90 96 16
69 21 6
67 79
66 20
85 98
37 4
71 40
47 95
33 8
