1 2 43
75 56 17
61 27
48 15
0 1 100 2
4 6 20
83 29 2
5 92 2
76 92 0
91 68 19
50 45
21 4
99 72
10 51
0 42
42 50
0 1 100 2
5 8 7
68 65 0
25 27 7
54 39 11
47 60 13
98 45 3
98 89
69 5
6 53
1 63
78 4
80 46
98 69
81 37
0 1 100 2
2 8 44
29 29 2
82 11 10
55 20
64 59
71 82
57 44
55 100
48 82
51 97
100 80
0 1 100 2
5 6 34
18 95 22
94 79 9
5 62 14
10 39 7
98 50 15
99 13
18 71
70 7
68 4
11 69
45 30
0 1 100 2
8 8 23
26 10 16
15 5 11
50 72 1
30 70 2
92 9 9
85 26 11
42 56 17
31 74 12
13 8
72 54
55 13
9 2
58 20
92 59
57 83
0 20
0 1 100 2
5 5 45
19 96 7
64 80 3
35 58 17
56 9 18
53 28 19
1 52
22 66
25 43
95 39
58 2
0 1 100 2
7 1 16
92 48 24
80 74 24
1 22 18
28 70 7
10 48 7
5 22 21
28 25 20
88 78
0 1 100 2
1 6 34
5 19 14
39 22
28 53
76 15
94 32
48 92
5 47
0 1 100 2
8 3 30
68 28 10
58 29 6
55 95 10
90 91 22
61 93 5
37 70 16
22 27 2
46 55 22
97 98
6 39
58 18
0 1 100 2
4 4 25
59 49 4
60 11 6
41 66 17
92 99 17
43 71
83 71
44 76
67 42
0 1 100 2
1 1 33
57 44 14
78 42
0 1 100 2
5 5 21
37 31 11
56 58 1
98 72 20
94 84 7
79 15 8
23 78
15 39
17 34
99 30
93 85
0 1 100 2
8 1 28
27 77 19
69 15 14
12 35 21
13 17 18
38 8 17
75 55 15
58 4 8
90 43 15
67 3
0 1 100 2
7 5 34
52 8 2
77 49 11
33 55 23
83 28 13
59 73 14
49 63 18
81 86 0
26 40
28 65
36 50
62 79
69 1
0 1 100 2
2 8 10
27 94 24
4 11 6
84 26
85 25
88 67
87 39
42 51
64 100
82 68
63 0
0 1 100 2
7 6 32
87 42 10
17 79 10
30 83 9
14 38 10
64 74 6
93 61 3
23 89 19
90 80
14 51
22 1
7 2
78 69
85 77
0 1 100 2
5 1 6
14 75 22
76 32 21
28 28 1
64 61 0
56 32 2
40 30
0 1 100 2
1 2 37
6 89 18
30 57
62 54
0 1 100 2
6 4 7
74 57 0
26 87 14
66 41 17
25 2 3
6 27 6
15 66 23
69 22
95 90
18 19
73 99
0 1 100 2
8 1 23
33 87 3
82 60 22
59 11 5
48 65 19
97 64 12
19 93 21
8 100 3
56 55 1
22 40
0 1 100 2
5 7 39
73 100 10
45 19 20
23 5 10
99 43 13
41 79 14
41 32
32 34
20 79
54 83
73 31
91 0
85 28
0 1 100 2
7 4 9
50 96 6
52 94 3
68 13 14
44 42 8
44 23 15
41 20 18
74 25 2
91 60
69 69
77 42
97 11
0 1 100 2
3 2 15
13 72 18
21 8 0
15 44 15
89 27
7 0
0 1 100 2
5 4 2
6 65 13
97 60 4
64 31 20
4 66 8
15 89 11
87 82
6 84
43 77
55 78
0 1 100 2
5 7 48
19 14 16
31 7 3
77 69 5
96 31 21
1 94 20
87 75
72 65
19 53
64 71
17 65
53 10
17 46
0 1 100 2
4 4 9
46 53 8
33 79 19
90 29 15
76 18 15
63 5
78 82
4 24
99 22
0 1 100 2
8 5 37
64 84 15
45 35 10
97 79 24
16 47 5
5 82 10
53 75 1
22 56 4
7 53 12
72 83
10 78
91 17
87 64
70 50
0 1 100 2
6 7 1
52 97 18
91 52 5
78 51 2
73 26 2
55 32 18
33 77 11
18 42
7 73
61 67
33 15
93 63
73 50
53 53
0 1 100 2
8 3 32
61 72 7
68 15 15
50 56 23
29 32 1
45 18 5
82 74 1
45 54 4
100 21 4
62 24
73 38
78 44
0 1 100 2
2 1 26
47 51 16
10 56 3
57 83
0 1 100 2
1 7 14
70 27 9
36 64
98 54
64 67
25 85
29 18
67 50
10 2
0 1 100 2
5 4 31
47 65 0
64 93 5
45 61 4
57 36 6
59 36 19
96 54
53 88
91 89
0 30
0 1 100 2
6 3 19
29 81 12
18 68 22
35 26 3
99 61 10
31 66 4
92 33 16
64 85
1 42
95 33
0 1 100 2
2 6 37
35 9 0
74 7 16
78 57
56 89
33 17
3 54
38 0
24 54
0 1 100 2
6 7 11
21 16 21
34 14 24
59 42 10
92 28 0
2 20 5
86 3 14
47 34
97 61
57 89
81 16
78 36
38 69
46 24
0 1 100 2
1 3 40
50 94 4
51 10
100 12
66 18
0 1 100 2
7 1 8
85 95 0
84 69 9
65 89 9
100 13 14
94 79 1
4 28 3
4 85 19
23 77
0 1 100 2
5 8 27
51 77 5
24 6 21
40 99 6
43 73 17
73 10 0
7 83
93 74
26 92
66 39
53 49
60 10
82 80
97 54
0 1 100 2
5 8 15
85 0 8
27 16 19
38 92 14
32 52 3
38 64 20
75 76
72 34
83 30
19 85
37 55
33 23
1 49
71 89
0 1 100 2
8 5 10
81 12 19
61 27 15
63 61 15
6 62 10
45 78 22
65 90 20
65 25 11
53 72 7
21 63
36 100
8 24
54 65
42 18
0 1 100 2
6 5 2
35 8 15
79 84 19
37 36 21
33 94 20
18 92 17
22 8 12
48 63
31 25
5 16
15 84
26 61
0 1 100 2
1 8 19
14 31 10
67 49
31 87
15 90
83 77
69 65
16 94
86 75
85 63
0 1 100 2
8 6 5
96 36 8
40 67 2
73 18 20
17 98 23
32 96 3
43 87 21
91 77 20
21 21 18
46 60
9 66
53 17
24 97
71 72
50 38
0 1 100 2
5 8 24
31 5 24
74 17 11
81 30 13
67 93 6
9 35 9
35 65
24 93
29 95
24 17
53 25
57 95
25 95
65 43
0 1 100 2
5 2 44
1 50 15
72 99 12
44 40 12
44 88 15
26 27 14
27 34
21 71
0 1 100 2
5 1 23
93 28 15
20 83 20
16 96 10
47 17 21
71 42 19
16 44
0 1 100 2
3 8 35
48 84 9
70 39 22
47 77 15
46 41
82 47
33 94
99 41
73 5
46 32
45 46
93 24
0 1 100 2
1 8 15
10 47 17
63 45
44 47
37 5
57 0
50 21
65 57
42 21
76 8
0 1 100 2
4 6 6
2 55 7
49 12 12
16 24 9
40 78 14
95 60
57 52
84 82
2 69
80 85
74 7
0 1 100 2
