426.602955
359.543529
269.337514
236.499641
221.216445
190.898881
165.050600
152.740372
139.831808
134.494098
120.639690
117.172823
109.235363
102.726291
101.194470
98.524059
95.207861
90.861197
88.630801
86.285828
83.470975
80.849408
80.172997
76.719397
75.199219
73.569536
72.449767
71.100519
70.598191
68.884216
68.103080
66.232168
65.493188
64.026370
62.804873
61.397294
60.409951
59.543642
58.994290
58.320455
57.366496
55.618038
55.165694
54.550751
53.193951
52.837946
52.585389
52.205482
50.705345
50.389918
49.982137
50.080654
49.104806
48.829807
48.100322
47.120297
46.970061
46.783138
46.069396
45.480258
45.086653
44.626670
44.115636
43.571513
43.379192
42.955931
42.801832
42.555588
42.110548
41.384379
41.084857
40.890431
40.407993
40.249445
39.829154
